102589
102605
102610
102616
102682
117088
117089
117094
117103
12480
12481
12482
12483
12484
12485
12486
12488
12489
12490
12491
12492
12493
12494
12495
12496
12497
12499
12500
12502
12503
12504
12505
12509
12511
12514
12515
12517
12519
12520
12521
12522
12523
12524
12525
12526
12527
12528
134055
134059
134061
134064
134066
134070
134074
134087
134095
134097
134098
134101
134108
134109
134111
134112
134113
16882
16883
16884
16885
16886
16887
16888
178009
178011
178014
207730
207745
210588
216904
216905
216906
216907
216908
216909
216910
216911
216912
216913
216914
216915
216916
216917
216918
216919
216920
216921
216922
216923
216924
216925
216926
216927
216928
216929
216930
216931
26450
26451
26452
26456
26457
26458
32021
32022
32023
32024
32030
32031
35352
37412
37417
37418
37419
37422
37463
37464
37465
37466
37467
37468
37469
37471
40942
40943
40945
61457
61464
61467
61468
62622
62627
62630
62634
62636
62680
62681
62687
62737
62742
62743
62752
62761
62766
62787
6796
6797
6798
6799
6800
6801
6802
6803
6805
76691
76693
76695
76697
76699
76701
76703
76705
76707
76709
76711
76713
76715