Ind.ID origin.pop pred.pop CentralCA INDONESIA MALAYSIA PAPUA_NEW_GUINEA SOLOMON_ISLANDS
CentralCA_z0178014 CentralCA INDONESIA 0.0751117275379923 0.53354825234061 0.000695306091137024 0.0479724150990285 0.342672298931232
CentralCA_z0207745 CentralCA INDONESIA 0.0732552229140276 0.628953069706186 0.000997557570621425 0.0612156816295573 0.235578468179608
INDONESIA_z0037418 INDONESIA SOLOMON_ISLANDS 0.0273323140046305 0.344231648496216 0.00579630774224004 0.0670156808034395 0.555624048953474
INDONESIA_z0037467 INDONESIA SOLOMON_ISLANDS 0.0159816617764065 0.383472017739919 0.0391659349253937 0.133109914086528 0.428270471471753
INDONESIA_z0037471 INDONESIA INDONESIA 0.0587694199407077 0.558199853751305 0.00164246490198169 0.064802940364381 0.316585321041624
INDONESIA_z0062636 INDONESIA INDONESIA 0.0550171049638011 0.564862678779333 0.00207771561669658 0.0704593479614237 0.307583152678746
INDONESIA_z0062680 INDONESIA INDONESIA 0.0449374190452266 0.52413721794958 0.00345504399139905 0.0781715460343198 0.349298772979474
INDONESIA_z0062681 INDONESIA INDONESIA 0.0940951693374071 0.559970758169131 0.000349585455183803 0.0399564288439591 0.305628058194319
INDONESIA_z0062687 INDONESIA INDONESIA 0.0477133061953638 0.512248960988726 0.002739176221223 0.0714342441881043 0.365864312406583
INDONESIA_z0076699 INDONESIA INDONESIA 0.0521769697479576 0.537635462103292 0.0022513314999469 0.0695820481832344 0.338354188465569
INDONESIA_z0076705 INDONESIA SOLOMON_ISLANDS 0.0304442747803981 0.381898593513995 0.00544423630814155 0.0709000565133449 0.51131283888412
INDONESIA_z0076709 INDONESIA INDONESIA 0.0693513986582084 0.586995121905364 0.00104297278711047 0.0583864815472714 0.284224025102045
INDONESIA_z0102682 INDONESIA INDONESIA 0.00851438120739075 0.361424609885353 0.176067364441527 0.211689493445784 0.242304151019945
INDONESIA_z0117088 INDONESIA SOLOMON_ISLANDS 0.00600611940263286 0.158991133954301 0.0696145623304978 0.0846251020917174 0.68076308222085
INDONESIA_z0117094 INDONESIA SOLOMON_ISLANDS 0.00720277021541042 0.245732464339267 0.134068392224279 0.14439754732342 0.468598825897623
INDONESIA_z0134074 INDONESIA INDONESIA 0.0686498728052808 0.550335426991307 0.00102310914553335 0.0557217207322983 0.32426987032558
INDONESIA_z0134087 INDONESIA INDONESIA 0.00852788195341395 0.331809071729292 0.157621670508201 0.190613356219179 0.311428019589914
INDONESIA_z0134095 INDONESIA SOLOMON_ISLANDS 0.00609460872325449 0.266179287094982 0.229051380383552 0.18399752563259 0.314677198165621
MALAYSIA_z0016883 MALAYSIA INDONESIA 0.0409601775890175 0.505662539775554 0.00414036111851224 0.0800580447981305 0.369178876718786
MALAYSIA_z0016884 MALAYSIA INDONESIA 0.0620858693806273 0.542120331779438 0.00132506521499448 0.0593807063105058 0.335088027314434
PAPUA_NEW_GUINEA_z0006805 PAPUA_NEW_GUINEA INDONESIA 0.0609827526979507 0.49327317899813 0.00114083575319748 0.0526530617334517 0.39195017081727
PAPUA_NEW_GUINEA_z0026450 PAPUA_NEW_GUINEA INDONESIA 0.0873990644295812 0.622564395382964 0.000535377184091131 0.0497419200566747 0.239759242946689
PAPUA_NEW_GUINEA_z0026452 PAPUA_NEW_GUINEA INDONESIA 0.0227874625490825 0.526960049748168 0.0264731812839747 0.150123431888918 0.273655874529857
SOLOMON_ISLANDS_z0006796 SOLOMON_ISLANDS INDONESIA 0.0137405777527716 0.423574993042183 0.0715334954366201 0.17451404997118 0.316636883797245
SOLOMON_ISLANDS_z0006803 SOLOMON_ISLANDS INDONESIA 0.0364444938829349 0.506549219063397 0.00607930828494052 0.090757284023404 0.360169694745323
SOLOMON_ISLANDS_z0012481 SOLOMON_ISLANDS INDONESIA 0.0718121526211065 0.60697748064217 0.000958836400311131 0.0581987582640118 0.2620527720724
SOLOMON_ISLANDS_z0012485 SOLOMON_ISLANDS INDONESIA 0.0501153433107788 0.472324249561913 0.00190738593238307 0.0597155506784825 0.415937470516442
SOLOMON_ISLANDS_z0012486 SOLOMON_ISLANDS INDONESIA 0.028041801886141 0.553270968187887 0.0164303411362746 0.134781649992133 0.267475238797565
SOLOMON_ISLANDS_z0012489 SOLOMON_ISLANDS INDONESIA 0.0684127451547618 0.526668267493246 0.000904211844903929 0.0514430083963735 0.352571767110715
SOLOMON_ISLANDS_z0012493 SOLOMON_ISLANDS SOLOMON_ISLANDS 0.0148025124964922 0.306456849247644 0.0285548498969077 0.10209670255324 0.548089085805715
SOLOMON_ISLANDS_z0012494 SOLOMON_ISLANDS INDONESIA 0.021507463299293 0.453312567852861 0.023784838113913 0.128757748281289 0.372637382452643
SOLOMON_ISLANDS_z0012499 SOLOMON_ISLANDS INDONESIA 0.0851567905352352 0.592240410939958 0.000541760195735385 0.047937924575748 0.274123113753323
SOLOMON_ISLANDS_z0012517 SOLOMON_ISLANDS SOLOMON_ISLANDS 0.00933655934125572 0.298020843274022 0.099105303407696 0.149182765555604 0.444354528421422
SOLOMON_ISLANDS_z0012519 SOLOMON_ISLANDS INDONESIA 0.0605621288955475 0.566168620109421 0.00150813887532254 0.0636434413691926 0.308117670750516
SOLOMON_ISLANDS_z0012521 SOLOMON_ISLANDS INDONESIA 0.0657147305478657 0.645831390631516 0.00145638912724418 0.0704610121521995 0.216536477541175
SOLOMON_ISLANDS_z0216907 SOLOMON_ISLANDS SOLOMON_ISLANDS 0.00496071406774836 0.14860003708198 0.10680308144107 0.0934838988651005 0.646152268544101
