Sample_idx1_idx2	DermGT_01	DermGT_05	DermGT_06	DermGT_10	DermGT_13	DermGT_15	DermGT_18	DermGT_22	DermGT_39	DermGT_43	DermGT_48	GT_14-5	GT_A1	GT_A6	GT_B116	GT_C102	GT_Cc1G02	GT_Cc5C08	GT_Cc5F01	GT_Cc5H07	GT_Cm3	GT_D1	GT_D115	GT_D8	GT_LB123	GT_LB133	GT_LB141	GT_LB142	GT_LB143	GT_LB145	GT_LB158	GT_Or2	GT_Or7	
	20	7	8	5	X	20	10	10	15	11	10	6	12	9	12	X	2	13	2	4	9	6	6	4	1	4	X	5	2	1	2	3	2
	101	30	34	24	2	120	41	99	51	64	54	17	36	44	31	X	8	64	X	43	15	74	13	24	2	17	X	17	14	X	7	12	16
	176	31	84	64	28	110	46	82	64	182	99	28	36	88	48	X	18	185	3	190	239	69	49	57	7	23	X	24	14	21	12	19	46
	335	42	128	79	24	323	90	427	102	177	142	101	74	191	130	X	11	192	5	402	367	137	70	136	4	47	X	37	88	5	19	64	137
	433	88	225	138	74	326	130	357	182	382	200	97	117	216	174	X	28	394	10	525	514	188	127	143	12	66	X	48	85	8	18	75	165
	505	87	256	135	29	556	179	575	174	546	337	78	164	231	227	X	32	478	X	259	251	328	87	200	10	68	X	67	122	67	39	68	129
	625	65	245	129	77	316	77	802	125	449	203	188	98	244	148	X	6	506	18	1443	664	251	114	182	19	110	X	81	66	8	17	81	208
	630	72	277	106	90	369	77	734	152	449	180	178	94	265	176	X	11	514	15	1145	869	252	158	159	27	109	X	64	71	14	22	138	271
	325	52	151	74	47	203	83	241	94	260	121	90	90	147	97	X	15	226	9	345	313	173	76	106	7	58	X	19	51	38	16	27	94
	740	49	335	111	68	333	73	1217	129	485	190	131	84	208	148	X	11	604	27	2041	1059	323	99	157	17	77	X	75	65	23	20	157	257
	778	68	302	135	70	425	95	1150	120	522	185	243	106	273	140	X	8	624	18	1903	797	318	127	202	8	91	X	90	65	13	20	110	273
	420	76	206	132	76	342	105	378	129	322	201	108	101	177	148	X	19	277	10	430	358	221	119	157	16	91	X	28	66	7	21	86	161
	479	127	250	184	68	534	194	423	257	565	237	148	148	306	261	X	31	372	15	633	474	330	154	247	21	126	X	73	97	75	28	135	199
	409	53	153	78	45	213	126	434	98	214	147	105	52	175	92	X	30	295	14	584	310	267	100	174	8	61	X	36	34	12	23	89	134
	310	86	102	107	25	685	158	401	124	305	153	94	124	249	259	X	27	227	7	369	295	146	86	218	7	79	X	77	75	10	37	127	124
	443	83	170	112	35	511	137	530	157	392	199	112	139	266	236	X	14	310	9	616	640	213	109	198	13	73	X	55	99	15	38	118	221
	437	151	241	162	30	402	168	338	209	442	269	144	205	276	192	X	22	408	9	369	496	216	83	234	8	92	X	57	113	6	44	88	163
	214	50	133	67	35	153	64	175	96	215	102	36	64	93	80	X	19	191	6	276	266	108	50	68	10	19	X	29	35	8	13	32	69
	690	53	284	119	50	361	68	889	118	485	161	150	77	258	137	X	3	583	27	1915	796	290	88	158	6	77	X	69	91	5	22	114	241
	293	50	154	69	54	183	63	257	111	259	130	50	68	123	88	X	20	241	11	355	304	146	66	78	7	49	X	17	42	3	16	44	114
	469	151	339	154	83	613	225	802	258	532	294	277	226	420	202	X	38	451	15	722	393	337	195	283	17	132	X	80	80	15	39	113	239
	188	38	93	57	28	148	61	177	69	177	71	37	42	107	70	X	8	187	3	222	157	129	70	60	5	38	X	20	32	3	6	39	61
	710	72	287	91	71	333	74	954	120	466	153	200	72	164	128	X	12	523	20	1511	847	348	87	155	12	80	X	65	45	23	10	164	246
	10	2	1	X	X	10	X	11	1	4	3	1	3	3	8	X	7	4	X	2	3	3	X	4	X	X	X	X	2	X	1	1	2
	409	44	133	58	45	162	60	505	86	176	103	134	48	142	66	X	6	363	18	854	350	236	97	99	7	43	X	31	36	92	15	52	154
	724	192	398	258	22	753	268	648	310	817	611	98	279	405	343	X	30	542	8	280	437	425	84	276	9	112	X	80	113	79	58	99	202
	505	50	264	79	89	269	63	741	95	377	138	154	65	165	106	X	7	480	13	1169	596	269	118	119	14	42	X	39	48	7	8	107	188
	525	42	254	88	80	285	50	913	94	325	122	132	55	190	101	X	4	432	12	1165	636	306	102	115	8	61	X	50	63	25	13	115	194
	586	85	281	163	49	546	131	511	223	505	217	108	152	266	199	X	18	437	4	661	637	246	111	250	12	121	X	55	108	62	25	120	216
	644	64	245	109	35	451	94	915	145	480	154	254	80	242	148	X	7	514	18	1439	820	244	83	193	7	89	X	88	95	116	20	189	245
	715	84	306	105	74	377	71	955	160	504	203	188	98	273	148	X	8	612	19	1713	648	345	140	179	9	100	X	81	72	12	20	177	277
	X	X	X	X	X	1	X	X	1	X	X	1	X	1	1	X	X	1	X	1	1	1	X	1	X	X	X	X	X	X	X	X	X
	13	X	2	6	X	10	6	5	4	8	5	2	8	3	4	X	9	9	X	X	3	4	X	1	X	5	X	1	3	X	1	X	1
	26	10	12	15	1	36	20	33	14	25	21	3	12	25	15	X	2	17	X	6	10	22	6	11	X	3	X	6	12	1	7	5	12
	266	19	13	62	4	851	138	534	31	7	97	194	172	304	335	X	19	71	3	12	429	372	24	304	5	84	X	127	196	2	58	78	171
	483	43	193	41	66	272	66	1119	88	326	136	241	72	245	75	X	3	334	13	1044	428	259	141	133	7	60	X	47	28	63	16	80	195
	9	X	3	4	X	8	5	3	2	X	4	X	7	4	5	X	6	3	1	3	X	6	X	5	2	X	X	1	X	X	X	3	4
	379	82	210	129	48	328	127	314	176	410	176	93	109	219	170	X	20	299	10	437	342	197	108	167	10	82	X	34	46	11	30	60	159
	427	81	215	108	47	298	102	378	126	386	207	111	115	226	154	X	20	338	16	597	451	206	112	155	15	65	X	34	58	55	16	66	152
	528	39	201	66	31	255	47	975	75	320	128	152	68	149	84	X	3	417	15	1228	583	247	48	104	5	43	X	46	43	73	14	107	192
	510	67	210	121	58	485	80	624	167	419	169	179	81	212	169	X	16	418	26	1005	425	264	96	178	13	61	X	95	85	12	28	131	180
	550	54	224	101	29	456	100	930	91	334	215	256	117	259	167	X	14	406	9	365	657	264	44	184	3	77	X	64	73	33	29	138	244
	2	1	1	X	1	14	4	6	1	1	1	1	1	6	3	X	13	X	X	X	3	1	X	3	X	1	X	2	6	X	2	1	X
	29	10	16	13	1	15	1	25	15	35	23	2	10	15	15	X	6	32	1	14	17	14	6	14	X	5	X	3	3	X	6	3	8
	552	44	209	84	73	252	58	830	89	372	180	174	54	153	128	X	10	495	10	1318	642	275	122	142	6	52	X	56	48	5	16	119	184
	587	62	213	72	74	355	77	762	129	427	157	219	63	188	146	X	5	482	27	1133	501	305	128	185	18	83	X	61	52	16	27	108	176
	444	107	247	157	68	549	192	465	195	472	229	154	137	283	242	X	27	335	9	586	469	293	140	204	13	87	X	54	119	10	34	78	179
	241	22	89	38	32	100	16	370	42	156	62	54	17	76	31	X	5	211	10	509	338	102	34	43	3	28	X	22	21	33	4	28	86
	674	76	263	111	68	461	114	1072	148	441	198	145	84	258	164	X	8	586	18	1701	707	312	141	199	12	99	X	64	67	8	19	171	253
	358	34	177	58	60	164	49	569	53	223	101	96	38	115	80	X	14	268	18	638	484	197	79	72	13	43	X	37	30	8	8	77	151
	442	116	188	143	78	302	143	360	173	350	225	125	131	206	213	X	25	318	15	412	451	223	144	157	19	60	X	46	118	10	32	84	172
	178	33	77	34	20	83	28	126	51	141	76	30	30	62	50	X	11	128	2	210	171	44	26	33	6	30	X	15	19	6	11	21	53
	687	81	325	89	83	330	84	883	142	483	211	157	93	210	135	X	6	600	24	1355	716	288	139	172	12	102	X	69	84	6	16	116	215
	370	66	178	87	47	250	101	340	118	362	162	68	101	198	121	X	20	294	17	474	344	178	87	140	15	63	X	45	41	62	15	62	159
	353	95	202	133	58	423	130	333	147	419	191	95	137	193	193	X	32	342	11	501	433	202	95	153	17	73	X	40	85	5	8	52	174
	376	81	207	146	48	384	112	318	167	415	196	87	127	223	161	X	28	332	9	489	473	221	100	186	22	108	X	66	83	7	21	77	146
	520	69	245	127	79	320	124	509	144	507	226	105	129	269	151	X	20	431	16	704	702	243	100	167	14	73	X	59	91	52	23	83	193
	371	24	133	61	72	174	41	428	51	189	75	112	42	101	58	X	8	247	11	558	348	164	75	71	11	32	X	25	25	21	7	55	127
	680	66	323	126	78	373	79	934	148	465	185	100	89	269	141	X	11	616	25	1714	849	358	127	153	14	62	X	54	66	25	13	129	263
	383	97	189	119	55	341	125	335	136	376	195	124	89	182	143	X	13	361	17	529	493	179	103	145	2	106	X	48	60	92	13	75	161
	212	36	62	49	1	161	35	162	80	133	96	31	83	80	69	X	6	155	X	66	21	105	21	26	2	22	X	19	18	7	6	11	33
	241	32	107	52	39	113	48	162	60	227	115	39	52	93	72	X	17	166	4	270	250	107	65	68	14	24	X	24	25	2	8	48	72
	696	52	265	108	62	319	61	1073	105	511	184	244	67	151	127	X	11	527	21	1657	638	342	94	153	9	75	X	79	72	87	17	144	251
	4	X	1	1	X	5	1	2	2	1	3	3	X	2	3	X	6	3	X	1	3	X	X	3	X	X	X	1	1	X	X	X	4
	209	66	99	103	22	530	160	266	152	153	136	97	93	188	224	X	13	169	4	307	226	122	78	157	4	111	X	60	89	2	42	107	121
	326	63	156	95	60	237	59	279	96	315	187	73	70	149	128	X	12	307	13	408	383	193	104	106	13	65	X	47	69	6	18	84	132
	43	13	28	25	1	30	17	39	36	37	24	14	24	23	15	X	8	45	1	24	12	30	2	8	X	7	X	1	7	X	1	3	8
	583	139	425	319	32	1283	337	960	314	637	551	121	325	562	405	X	35	592	8	582	419	484	188	350	23	180	X	79	301	11	72	130	178
	551	99	252	129	45	395	132	499	160	408	233	159	143	264	190	X	18	410	11	655	706	242	124	176	12	82	X	62	83	104	26	72	212
	1054	245	584	404	86	1813	400	1187	683	1170	577	131	565	768	559	X	37	892	18	1072	810	756	243	495	31	241	X	142	196	140	54	180	254
	262	58	139	92	32	281	96	225	140	219	127	45	98	153	99	X	13	234	5	311	255	101	64	118	13	59	X	25	49	21	12	46	81
	666	90	289	130	95	533	107	781	174	489	220	215	108	250	178	X	16	545	25	1115	682	366	182	240	24	126	X	58	83	5	18	112	237
	27	5	4	11	X	33	11	32	25	11	22	4	17	9	13	X	7	14	X	9	2	15	4	11	3	2	X	3	2	X	X	X	5
	172	29	89	33	32	107	35	100	56	165	67	24	46	85	49	X	12	133	2	232	191	66	55	45	6	21	X	16	23	14	8	25	66
	243	59	146	82	37	197	75	227	107	271	116	75	58	125	98	X	29	262	5	348	337	127	63	93	13	58	X	35	38	4	16	56	105
	336	100	161	87	42	270	88	271	152	350	173	96	113	185	126	X	20	343	9	427	414	167	94	125	9	79	X	37	70	16	26	55	140
	46	7	22	25	11	92	13	28	42	41	18	17	14	18	9	X	20	38	1	49	32	17	10	10	12	8	X	7	7	3	2	7	11
	411	72	207	95	64	284	102	341	124	358	157	89	100	197	144	X	24	312	8	506	464	204	94	138	9	42	X	39	72	82	25	76	158
	387	48	143	105	36	376	105	567	141	258	147	125	107	232	170	X	11	262	13	498	403	176	80	151	7	51	X	58	86	56	31	79	169
	807	98	319	180	88	538	111	1020	214	619	216	200	123	366	199	X	15	707	20	1631	1049	376	170	245	14	150	X	121	97	98	25	186	317
	290	30	109	33	2	184	22	211	50	118	72	61	52	64	49	X	1	148	3	271	152	33	17	36	3	29	X	21	12	31	8	73	156
	614	57	279	88	84	328	57	1004	115	362	161	135	61	240	125	X	7	578	25	1783	735	252	109	142	9	82	X	57	48	65	15	126	226
	385	41	217	60	75	194	47	634	81	276	106	133	50	149	70	X	4	402	20	1128	395	206	75	88	6	59	X	50	32	8	7	91	131
	65	39	47	42	4	47	28	60	78	60	79	18	66	50	28	X	12	72	3	55	18	58	19	22	2	8	X	12	10	X	5	3	14
	791	98	313	151	100	619	124	1004	208	603	224	225	140	359	240	X	9	622	21	1441	956	370	162	242	18	115	X	123	103	104	23	201	306
	307	158	197	216	23	477	239	229	283	370	277	23	206	260	259	X	88	205	7	305	317	206	75	160	24	58	X	81	130	21	44	115	110
	142	16	46	31	42	116	15	166	33	86	49	38	21	59	32	X	10	116	6	199	165	86	37	24	5	13	X	10	17	2	5	30	47
	366	68	177	100	64	202	88	359	130	318	195	101	80	167	123	X	16	301	16	495	375	188	103	129	18	54	X	46	57	7	18	63	127
	415	37	146	56	7	353	77	564	41	304	145	225	49	93	75	X	1	308	5	470	530	120	23	139	X	71	X	48	54	41	17	179	199
	321	88	153	103	59	410	113	287	180	356	190	120	117	208	177	X	18	274	12	405	289	213	106	177	18	78	X	36	53	7	19	88	131
	141	18	73	18	27	97	14	155	24	92	43	39	15	59	41	X	4	122	5	273	144	65	37	37	7	23	X	16	13	6	5	22	76
	747	48	294	127	36	533	84	1067	124	470	178	228	109	293	170	X	8	500	19	1750	1077	281	90	227	3	88	X	78	74	57	23	212	297
	416	79	223	114	58	327	109	428	136	399	193	97	91	184	159	X	15	326	10	572	428	225	101	142	12	73	X	59	60	7	17	69	168
	374	96	162	113	28	371	120	384	146	274	225	99	122	201	185	X	12	359	3	235	372	211	38	163	6	92	X	54	97	2	33	67	165
	557	59	296	86	112	323	67	945	157	498	156	224	146	281	103	X	8	366	10	931	676	289	105	150	18	84	X	54	85	56	21	121	247
	979	159	585	286	70	903	285	1107	369	1070	656	60	308	454	374	X	29	850	10	600	495	702	144	311	22	96	X	100	161	6	41	121	252
	248	104	160	146	39	318	98	182	202	270	154	57	135	202	161	X	56	185	22	266	213	168	113	143	22	48	X	41	92	3	37	50	86
	31	9	14	10	1	51	12	23	11	18	19	5	10	17	21	X	10	15	X	11	5	20	5	9	X	8	X	1	4	1	4	4	13
	29	8	14	9	2	43	17	38	44	15	27	4	19	14	12	X	17	23	2	26	8	31	3	8	1	5	X	4	5	1	1	5	6
	620	58	337	90	66	327	69	905	125	451	160	195	90	221	97	X	6	529	23	1765	910	251	116	128	12	48	X	70	42	16	17	133	240
	186	151	90	199	27	198	134	106	186	233	120	42	165	105	87	X	49	167	17	171	118	112	52	155	12	49	X	49	41	5	46	48	64
	1115	133	385	243	108	1305	343	1424	353	789	497	462	318	742	688	X	38	539	26	917	809	489	255	638	46	217	X	160	284	29	101	365	412
	300	43	119	46	2	247	37	235	44	120	82	93	63	88	59	X	2	146	4	346	193	32	10	37	1	37	X	38	25	20	11	82	163
	655	104	338	132	48	484	159	595	246	614	253	88	159	313	246	X	17	487	13	771	786	289	127	233	14	121	X	62	116	13	30	134	277
	744	71	292	117	93	316	86	1060	105	487	209	197	105	213	135	X	13	665	18	1606	869	388	124	151	14	75	X	62	79	23	11	170	258
	451	26	154	46	68	176	34	605	66	225	101	127	37	138	63	X	6	313	16	717	505	206	71	82	6	49	X	40	36	11	7	68	155
	287	116	133	191	30	472	197	212	278	237	153	68	161	204	162	X	45	233	7	258	209	163	107	181	19	82	X	58	101	94	50	80	93
	1251	161	609	323	44	1614	389	1722	376	1064	784	230	363	512	501	X	18	889	11	925	572	839	164	444	13	166	X	139	272	7	66	134	310
	564	46	226	102	53	417	73	811	129	439	144	188	75	237	111	X	13	486	14	1484	681	271	87	159	7	77	X	70	79	12	18	158	208
	709	72	310	120	99	310	73	929	167	483	198	171	97	247	139	X	7	628	26	1813	759	296	154	159	14	105	X	93	63	21	13	137	239
	397	84	181	100	48	311	106	401	139	353	158	91	105	212	120	X	19	350	10	538	400	212	101	151	7	76	X	41	52	10	19	82	126
	1199	217	400	319	102	2123	525	1534	354	975	766	471	354	968	940	X	53	633	10	1297	819	600	311	764	20	328	X	173	330	209	112	377	509
	526	57	233	70	80	259	73	1184	117	306	121	229	80	244	84	X	7	399	12	959	411	284	135	105	7	51	X	45	27	17	16	104	180
	185	39	108	56	40	80	41	131	57	160	84	32	61	114	56	X	14	157	3	195	237	82	45	50	9	27	X	22	23	2	15	36	90
	147	109	139	117	6	182	99	134	166	131	104	30	177	134	113	X	48	154	6	54	31	113	32	34	4	22	X	25	25	2	23	17	33
	574	67	248	111	79	476	105	714	152	357	177	148	89	251	171	X	11	486	25	1156	576	289	127	184	11	60	X	63	67	75	35	123	201
	556	89	230	131	81	418	134	685	190	419	220	124	107	270	205	X	12	516	28	957	382	301	176	226	12	82	X	57	73	73	28	117	176
	294	22	136	47	66	154	26	535	43	196	95	92	28	105	58	X	5	240	15	590	355	214	80	67	9	57	X	33	38	2	5	56	135
	327	70	157	98	44	257	108	192	138	319	162	41	99	173	122	X	33	264	6	359	441	157	90	134	18	51	X	37	46	22	27	42	91
	677	62	289	85	64	339	67	994	128	470	165	202	88	209	125	X	8	560	21	1609	766	338	117	175	7	88	X	77	81	13	12	133	290
	293	14	126	41	42	136	27	437	49	180	89	75	32	126	52	X	1	257	3	589	365	145	50	74	2	35	X	31	24	39	7	66	115
	25	10	9	11	X	27	9	17	22	11	17	5	9	12	7	X	9	17	X	12	4	16	2	10	X	5	X	6	6	X	4	5	3
	38	5	16	18	X	49	12	34	32	18	19	8	30	24	19	X	4	22	1	17	4	13	6	5	X	5	X	4	3	X	1	4	9
	415	20	140	64	45	177	40	701	54	262	104	130	29	134	88	X	3	356	6	836	494	208	64	87	3	29	X	39	50	54	6	83	118
	275	33	180	67	47	165	67	170	87	247	112	46	53	112	72	X	26	205	14	285	234	134	55	83	7	32	X	16	34	2	13	39	88
	552	105	250	157	71	672	178	560	234	523	263	260	122	252	230	X	26	479	15	791	523	300	155	276	23	150	X	100	115	69	37	175	217
	691	74	301	124	66	450	87	910	163	512	171	217	112	262	156	X	13	645	26	1652	841	279	144	220	10	78	X	66	91	19	30	153	237
	738	79	300	108	112	483	100	931	159	433	191	228	93	266	203	X	8	557	32	1498	847	342	165	209	23	96	X	77	67	5	26	129	246
	688	78	282	111	58	504	103	812	205	497	181	228	120	274	169	X	7	573	19	1307	831	280	127	240	13	91	X	80	72	105	19	165	250
	9	1	2	4	X	11	2	11	10	15	4	1	4	5	4	X	5	13	X	X	X	4	2	X	X	1	X	X	X	X	X	X	1
	851	74	348	119	103	379	105	1274	159	468	213	277	86	315	171	X	15	657	38	2043	697	371	177	185	21	72	X	79	74	18	27	178	273
	887	259	479	366	70	896	398	721	439	982	609	95	409	485	388	X	57	749	13	440	579	558	119	351	8	145	X	108	172	121	71	89	170
	187	95	91	186	43	358	115	127	250	228	136	58	138	220	174	X	35	149	9	190	139	135	90	169	22	113	X	67	93	6	38	70	88
	29	15	29	19	1	39	17	48	34	44	27	6	14	30	22	X	3	46	X	26	11	16	1	13	X	4	X	8	4	8	8	1	13
	466	28	188	65	62	217	39	807	77	283	133	137	56	132	93	X	8	368	16	918	546	224	84	104	12	38	X	26	49	85	9	67	181
	148	52	48	66	1	194	53	124	125	80	88	31	58	54	69	X	13	160	2	67	13	91	25	26	3	10	X	14	10	9	7	12	17
	388	81	188	161	38	543	153	474	229	421	171	157	131	269	235	X	23	305	16	541	388	199	129	242	18	113	X	63	102	69	38	96	183
	311	31	111	49	72	199	46	354	58	205	100	87	39	131	77	X	8	293	11	493	300	169	87	94	9	35	X	36	32	43	11	56	110
	504	166	226	200	64	511	155	522	291	556	275	218	202	226	249	X	21	493	19	672	424	320	149	279	28	112	X	113	99	96	37	138	198
	412	81	166	106	42	387	131	541	126	282	198	147	152	232	156	X	16	324	11	487	723	173	85	183	10	89	X	61	71	4	23	84	201
	560	57	240	60	98	222	45	804	51	301	146	152	43	211	93	X	11	449	20	1153	786	273	100	94	12	66	X	53	40	5	5	116	208
	236	263	153	521	63	385	390	145	458	294	169	89	212	349	171	X	111	258	33	302	142	467	108	290	70	98	X	85	141	75	65	81	110
	644	87	289	114	66	308	72	1038	143	448	208	214	82	226	123	X	3	598	19	1552	877	271	133	159	14	88	X	74	71	32	22	104	236
	364	34	147	44	75	209	34	549	52	204	94	128	39	117	59	X	2	270	12	621	406	180	69	69	9	40	X	37	33	7	8	84	122
	287	122	146	140	42	287	129	248	182	343	163	74	101	192	129	X	39	267	12	364	330	139	83	151	14	64	X	46	52	10	30	69	113
	291	90	114	131	37	445	143	297	174	216	172	129	127	221	214	X	20	209	10	285	283	147	95	127	7	68	X	44	38	2	31	40	87
	554	55	236	85	64	311	61	831	106	347	148	163	67	196	108	X	10	509	14	1441	786	299	135	125	6	64	X	45	38	8	11	140	163
	256	36	112	61	35	145	59	182	75	215	113	66	57	113	80	X	10	223	5	292	255	93	53	79	9	36	X	22	31	4	10	37	69
	271	38	155	58	45	128	54	186	74	257	128	40	66	114	62	X	12	208	5	345	255	99	50	51	7	33	X	19	26	18	9	36	107
	676	69	256	106	31	394	65	1119	127	427	136	218	90	247	107	X	4	531	13	1787	921	218	76	146	3	84	X	57	102	98	9	150	278
	585	105	309	177	81	533	179	527	257	638	254	154	179	371	229	X	24	505	13	799	847	262	143	231	14	89	X	62	108	13	35	136	269
	X	X	X	1	X	X	X	X	X	X	X	X	X	X	1	X	X	1	X	1	3	X	1	X	X	X	X	X	X	X	X	X	X
	424	108	233	189	69	453	125	403	245	529	186	176	124	213	181	X	31	444	22	625	471	248	139	195	21	102	X	64	100	11	29	113	177
	559	57	246	95	55	367	75	855	122	480	174	137	79	257	120	X	6	511	23	1600	869	257	112	165	8	77	X	51	61	14	21	195	249
	238	41	138	70	43	183	80	319	83	226	142	83	77	161	103	X	9	241	6	353	382	124	60	89	8	40	X	23	34	31	17	58	88
	209	141	165	213	40	350	172	132	260	234	167	91	163	200	126	X	94	163	5	226	169	222	83	135	34	76	X	57	87	3	44	59	77
	289	30	78	52	7	435	152	487	110	71	251	135	158	267	209	X	18	126	5	41	509	185	18	168	1	39	X	58	102	116	25	51	151
	378	44	187	69	50	223	38	505	97	331	126	124	51	187	75	X	7	350	11	754	485	188	85	109	9	48	X	38	48	16	11	81	144
	428	101	211	151	62	454	157	356	169	394	211	108	148	202	229	X	37	304	9	416	345	226	126	226	21	94	X	35	99	6	28	116	176
	161	6	10	56	1	1697	280	1948	115	7	122	594	225	552	426	X	22	153	13	16	603	374	21	626	2	145	X	153	167	295	72	178	260
	164	39	55	49	17	145	49	244	45	127	87	59	57	82	70	X	7	153	5	243	255	90	53	61	4	33	X	27	28	4	9	29	84
	316	65	145	86	43	263	59	265	98	286	129	44	68	136	121	X	14	232	14	387	263	147	78	104	14	52	X	29	67	4	18	44	120
	348	49	152	86	68	227	78	280	83	286	156	81	57	128	126	X	17	281	9	406	412	165	99	94	6	54	X	32	43	5	21	38	123
	X	1	2	1	X	3	X	2	X	X	X	X	1	1	X	X	X	1	X	1	2	X	X	X	X	X	X	X	X	X	X	X	X
	119	27	54	49	8	196	51	125	43	110	59	45	40	87	77	X	12	74	4	110	102	55	31	66	4	36	X	12	35	1	10	37	49
	558	60	220	46	77	257	84	1234	105	332	119	137	67	269	93	X	9	465	18	1213	370	290	140	128	10	66	X	49	37	65	13	80	200
	482	132	276	177	74	466	192	447	194	463	318	145	156	241	269	X	31	414	14	453	476	327	130	279	14	142	X	44	102	2	43	93	169
	356	40	125	45	49	178	31	677	64	241	94	114	35	145	71	X	4	336	19	996	482	234	47	87	11	30	X	40	22	4	6	86	130
	385	91	197	122	71	308	105	423	122	319	214	86	103	209	162	X	28	330	5	426	329	237	114	141	14	82	X	41	75	54	23	70	134
	106	49	75	56	3	159	72	142	69	121	84	32	84	72	55	X	8	108	X	86	39	99	21	37	3	37	X	18	29	3	20	15	46
	311	102	200	182	23	518	228	294	199	369	243	86	225	249	242	X	37	296	3	215	331	189	59	170	14	66	X	59	173	11	62	51	119
	442	102	202	148	63	498	128	420	225	439	235	137	132	193	187	X	19	399	10	634	535	239	133	194	8	83	X	58	106	14	21	120	188
	321	66	176	135	7	251	98	216	161	340	241	30	152	191	128	X	25	288	1	86	136	192	28	82	2	36	X	38	71	11	13	34	73
	625	77	285	120	89	476	113	851	144	519	183	141	121	255	170	X	5	553	24	1232	793	308	136	189	18	89	X	75	94	19	19	162	276
	1	X	X	5	X	X	X	X	X	1	X	1	X	2	X	X	X	X	X	X	X	3	X	X	X	X	X	X	X	X	X	2	X
	563	29	215	84	100	244	74	766	93	340	154	88	64	197	105	X	4	446	14	975	511	301	128	121	13	67	X	58	48	8	9	109	222
	587	62	224	136	19	577	155	577	186	614	341	55	159	205	215	X	9	396	4	181	299	269	53	203	5	92	X	63	120	17	33	56	122
	396	52	106	98	13	692	173	929	133	247	290	149	174	277	266	X	19	244	13	109	516	267	35	244	6	76	X	79	164	17	50	171	234
	387	62	188	104	57	233	76	350	116	308	195	74	83	148	107	X	10	289	10	439	371	202	85	118	12	65	X	35	63	8	15	74	141
	335	63	177	119	46	398	111	360	146	337	179	80	100	183	157	X	20	262	12	477	336	200	102	150	10	65	X	39	55	8	16	79	140
	44	6	13	32	X	331	42	307	21	27	49	127	35	78	66	X	X	100	5	184	78	59	25	66	X	42	X	30	34	8	9	46	53
	181	79	91	95	19	141	72	115	107	186	101	42	67	79	78	X	47	125	4	137	162	88	36	89	10	36	X	26	47	7	21	22	66
	643	51	292	86	46	235	50	897	99	441	159	171	55	181	108	X	3	522	20	1437	705	315	105	136	7	43	X	58	56	13	3	90	225
	588	68	291	107	98	432	64	844	151	482	166	205	90	289	140	X	13	549	22	1301	831	339	121	163	14	105	X	58	81	5	17	96	268
	546	59	346	95	95	370	83	1050	168	567	172	245	172	356	143	X	17	409	21	1106	857	299	141	184	17	103	X	63	108	61	28	170	289
	604	74	265	89	70	509	99	1218	186	592	144	298	132	407	135	X	9	395	11	1125	645	331	179	193	11	117	X	59	57	5	24	205	227
	299	70	132	114	34	428	150	329	117	289	165	106	106	243	207	X	18	198	8	352	272	163	68	164	9	70	X	22	77	44	28	64	139
	206	36	104	55	36	134	43	164	54	213	90	29	46	64	75	X	20	175	4	224	219	102	48	34	10	20	X	17	27	X	3	27	63
	334	60	167	92	23	259	60	246	99	310	129	89	99	189	104	X	13	249	8	424	433	128	84	100	7	61	X	43	65	5	22	61	131
	361	57	181	95	61	230	67	346	101	298	162	112	74	152	130	X	6	302	12	450	368	182	90	150	9	66	X	26	57	58	23	60	132
	441	34	227	53	70	217	48	788	83	259	120	139	44	143	91	X	5	357	11	1023	497	242	77	99	5	41	X	26	55	84	11	82	159
	334	185	160	249	32	484	255	241	228	396	239	80	277	240	194	X	65	259	6	335	318	216	99	240	20	127	X	98	148	7	57	82	154
	75	29	29	38	2	448	49	178	18	96	49	94	63	90	95	X	1	102	4	46	94	45	5	112	2	55	X	56	63	46	22	148	91
	908	85	410	124	108	559	116	1467	152	647	269	142	112	396	218	X	10	712	32	2110	1166	459	195	245	26	123	X	123	129	57	22	224	308
	30	5	8	12	1	22	7	15	12	18	11	6	16	17	10	X	12	24	X	16	8	12	8	5	X	1	X	2	3	1	X	2	4
	53	9	21	13	X	65	20	58	25	35	22	5	18	12	27	X	2	32	X	24	13	52	13	13	1	8	X	4	6	9	3	1	8
	757	77	305	129	70	430	106	1044	150	525	189	282	89	310	156	X	9	688	23	1800	923	342	144	216	22	94	X	73	57	23	21	147	281
	181	46	90	65	24	146	52	114	93	192	93	46	49	69	70	X	19	139	8	188	170	112	67	73	9	30	X	17	32	4	8	20	56
	349	107	174	174	37	672	213	368	209	399	220	94	161	321	288	X	26	314	5	415	362	219	129	302	17	135	X	86	176	14	40	105	159
	580	75	263	82	40	316	53	811	90	430	160	196	86	162	106	X	4	545	20	1329	720	295	111	144	7	53	X	62	74	88	21	137	210
	652	73	266	94	66	432	93	839	147	513	198	169	116	281	227	X	12	630	12	1195	769	406	153	209	14	107	X	56	72	12	20	145	247
	8	1	X	3	X	6	2	2	3	3	4	1	3	1	1	X	X	3	1	2	2	2	1	X	X	X	X	1	2	2	X	3	1
	704	83	284	102	76	415	95	998	154	476	178	147	80	264	168	X	12	610	17	1531	938	347	131	190	19	100	X	93	96	12	18	119	278
	470	81	250	124	68	375	95	675	174	480	158	136	89	241	189	X	14	519	20	1008	405	282	148	177	16	79	X	61	73	77	13	106	198
	254	45	110	67	36	159	60	156	83	216	106	41	55	102	76	X	23	195	4	218	215	104	57	72	15	35	X	31	34	1	15	36	78
	584	48	249	74	72	362	92	1442	115	519	122	295	100	345	95	X	13	367	24	1108	578	326	153	178	9	86	X	55	58	7	15	145	240
	276	31	109	56	37	187	71	359	68	162	77	81	50	106	85	X	4	234	8	488	264	146	64	103	11	31	X	30	18	42	5	63	88
	10	4	6	8	X	12	4	5	8	1	10	X	2	11	2	X	7	4	X	2	3	5	2	6	X	X	X	X	1	1	X	1	1
	16	3	4	3	1	13	6	8	4	5	8	3	8	8	3	X	4	4	X	9	3	3	1	4	X	3	X	4	X	X	2	X	2
	148	8	6	31	1	753	156	1039	11	14	67	262	80	314	256	X	7	4	4	3	286	207	8	331	1	89	X	88	114	24	57	139	111
	211	48	91	81	30	305	83	222	89	195	112	46	92	148	137	X	15	182	10	228	223	127	68	118	12	74	X	45	52	2	20	81	84
	713	72	301	112	84	363	64	971	144	531	162	213	84	251	134	X	4	646	24	2110	1008	306	134	177	8	66	X	61	73	138	18	171	258
	382	54	158	82	48	234	62	495	94	292	98	127	46	109	119	X	8	313	12	689	293	215	88	98	8	50	X	35	35	20	5	76	116
	692	62	154	121	24	672	178	1178	142	316	194	324	146	363	261	X	6	579	20	810	731	266	123	314	7	138	X	139	98	16	40	220	272
	486	100	225	125	55	571	147	479	172	456	234	136	157	239	223	X	27	392	14	717	496	277	128	206	16	118	X	82	110	12	22	107	166
	568	78	270	101	28	373	71	813	152	488	200	215	107	217	137	X	9	516	14	811	652	208	48	167	4	66	X	85	70	6	23	133	250
	947	163	545	260	65	1201	337	1469	283	1064	718	228	244	532	415	X	36	909	9	609	559	588	196	338	12	146	X	74	167	31	68	193	260
	X	X	2	1	X	1	X	X	1	X	X	1	1	X	X	X	1	X	X	X	3	X	X	X	X	X	X	X	X	X	X	8	1
	222	133	135	207	29	337	149	155	275	273	172	78	199	181	125	X	88	204	7	228	212	140	82	143	22	59	X	69	92	18	45	67	115
	489	68	187	84	47	416	136	487	129	308	225	105	98	215	162	X	20	347	10	564	315	227	122	190	21	86	X	48	96	114	28	98	120
	461	58	212	77	26	335	77	458	99	387	202	101	97	193	145	X	14	352	10	665	743	190	89	120	5	48	X	44	66	7	25	97	214
	328	17	148	33	41	128	39	438	52	197	99	100	31	127	53	X	4	254	17	806	421	167	71	61	1	28	X	25	32	5	13	68	110
	467	47	173	60	49	237	53	759	51	305	124	122	44	127	75	X	4	376	11	970	544	218	92	99	4	45	X	44	31	5	12	78	155
	612	129	270	209	48	803	229	513	328	458	319	206	260	447	266	X	22	469	11	545	633	295	102	306	11	143	X	94	174	10	57	134	226
	401	86	187	109	47	338	126	383	144	382	194	72	115	212	144	X	23	349	10	487	444	175	91	157	9	84	X	60	67	18	24	80	143
	603	136	258	178	49	796	202	721	278	649	264	104	204	323	281	X	21	449	8	769	617	305	121	311	11	140	X	91	159	5	29	167	303
	958	219	523	395	39	1491	511	1087	427	1010	836	123	588	688	531	X	44	931	10	400	500	779	117	511	12	181	X	126	217	6	152	105	266
