Microsatellite,70,95,97,100,109,117,sum,scores
DermGT_01,0,0,0,0,0,0,0,X X
DermGT_05,0,0,0,0,0,0,0,X X
DermGT_06,0,0,0,0,0,0,0,X X
DermGT_10,0,0,0,0,0,0,0,X X
DermGT_13,0,0,0,0,0,0,0,X X
DermGT_15,1,0,0,0,0,0,1,0 0
DermGT_18,0,0,0,0,0,0,0,X X
DermGT_22,0,0,0,0,0,0,0,X X
DermGT_39,0,0,0,0,1,0,1,0 0
DermGT_43,0,0,0,0,0,0,0,X X
DermGT_48,0,0,0,0,0,0,0,X X
GT_14-5,0,0,1,0,0,0,1,0 0
GT_A1,0,0,0,0,0,0,0,X X
GT_A6,0,0,0,0,0,0,0,X X
GT_B116,0,1,0,0,0,0,1,0 0
GT_C102,0,0,0,0,0,0,0,X X
GT_Cc1G02,0,0,0,0,0,0,0,X X
GT_Cc5C08,0,0,0,0,0,1,1,0 0
GT_Cc5F01,0,0,0,0,0,0,0,X X
GT_Cc5H07,0,0,0,0,0,0,0,X X
GT_Cm3,0,0,0,0,0,0,0,X X
GT_D1,0,0,0,0,0,0,0,X X
GT_D115,0,0,0,0,0,0,0,X X
GT_D8,0,0,0,1,0,0,1,0 0
GT_LB123,0,0,0,0,0,0,0,X X
GT_LB133,0,0,0,0,0,0,0,X X
GT_LB141,0,0,0,0,0,0,0,X X
GT_LB142,0,0,0,0,0,0,0,X X
GT_LB143,0,0,0,0,0,0,0,X X
GT_LB145,0,0,0,0,0,0,0,X X
GT_LB158,0,0,0,0,0,0,0,X X
GT_Or2,0,0,0,0,0,0,0,X X
GT_Or7,0,0,0,0,0,0,0,X X
