Sample_idx1_idx2	DermGT_01	DermGT_05	DermGT_06	DermGT_10	DermGT_13	DermGT_15	DermGT_18	DermGT_22	DermGT_39	DermGT_43	DermGT_48	GT_14-5	GT_A1	GT_A6	GT_B116	GT_C102	GT_Cc1G02	GT_Cc5C08	GT_Cc5F01	GT_Cc5H07	GT_Cm3	GT_D1	GT_D115	GT_D8	GT_LB123	GT_LB133	GT_LB141	GT_LB142	GT_LB143	GT_LB145	GT_LB158	GT_Or2	GT_Or7	
37418	3	1	3	8	2	16	1	2	4	5	X	13	3	191	X	X	9	2	1	4	367	2	55	2	X	2	X	3	X	X	1	6	137
12481b	6	2	6	22	3	9	1	5	2	4	X	13	5	243	X	X	X	9	X	12	663	21	96	2	2	55	X	4	X	X	X	5	208
216926	1	X	3	1	X	2	X	1	2	X	X	2	1	44	1	X	4	X	X	2	15	1	10	1	X	11	X	5	X	X	X	X	16
26457	18	1	4	8	1	11	1	5	2	10	1	19	4	207	1	X	X	13	15	32	1057	13	77	1	4	1	X	6	X	X	1	10	257
12481	12	1	2	10	1	13	1	5	3	2	X	8	4	273	X	X	3	4	1	11	796	14	93	3	X	44	X	8	1	2	X	7	273
216911	X	X	X	X	X	X	X	X	X	X	X	2	2	9	X	X	2	1	1	1	9	X	6	X	X	X	X	X	X	X	X	X	2
62787	1	1	5	17	4	19	1	1	10	16	X	8	4	215	X	X	14	1	8	6	514	16	102	1	X	41	X	2	1	1	1	6	165
62630b	X	X	X	6	X	26	1	X	5	X	X	X	3	87	X	X	11	4	2	6	239	5	44	1	1	1	X	2	1	X	X	1	46
207730	7	1	13	6	1	8	1	1	2	11	6	3	18	231	1	X	6	1	X	3	250	11	44	3	X	43	X	5	1	5	2	6	129
134109	10	1	10	17	4	20	3	4	7	11	2	14	8	265	X	X	2	6	1	12	869	30	127	X	2	60	X	3	1	2	1	5	271
76703	2	X	4	8	3	8	X	1	3	4	X	2	8	147	1	X	7	1	1	9	312	9	61	1	3	4	X	X	2	3	1	2	94
62752b	13	2	3	14	4	20	5	1	10	6	1	5	9	177	X	X	2	2	3	13	358	19	98	3	2	1	X	4	X	X	1	6	161
40942	7	4	5	27	2	11	4	1	9	4	1	9	5	306	1	X	5	9	6	11	474	25	120	3	2	80	X	3	X	3	2	11	199
12514	9	X	1	7	1	4	X	X	2	9	1	5	10	275	2	X	3	6	2	6	496	11	66	3	X	5	X	5	X	1	3	4	163
37466	6	1	7	4	X	10	X	5	3	9	X	7	8	265	X	X	5	6	3	4	640	12	91	3	X	3	X	3	X	1	1	11	221
12523	17	X	5	8	1	5	X	18	3	11	3	10	5	257	X	X	X	13	2	33	796	12	71	3	X	2	X	1	1	1	1	7	241
12505	11	1	2	16	2	22	2	1	7	6	1	10	1	175	X	X	23	2	11	13	310	27	81	3	3	29	X	3	X	2	X	12	133
37422	6	X	X	14	1	10	2	1	4	3	X	6	9	246	X	X	7	X	2	3	294	12	67	X	X	2	X	1	X	1	1	6	124
62634	4	X	2	8	X	21	2	2	6	2	1	2	9	92	X	X	6	X	1	1	266	9	40	2	2	X	X	3	X	1	X	1	69
62742	2	2	2	11	2	22	X	X	7	7	X	3	7	123	X	X	9	2	1	10	304	11	52	1	1	28	X	1	X	X	1	3	114
16883	9	X	X	21	X	17	1	2	2	9	X	10	12	419	1	X	9	3	10	9	393	24	153	8	4	67	X	9	1	2	1	8	239
210588	6	X	2	5	1	15	1	10	3	15	5	5	9	404	2	X	9	4	1	6	437	10	62	6	1	2	X	6	2	X	2	7	202
12519	13	X	2	10	5	7	1	5	5	11	X	10	4	164	1	X	8	7	8	21	847	14	77	1	1	1	X	6	X	1	2	4	246
61467	7	1	9	12	X	6	2	4	3	9	3	15	2	242	X	X	1	9	1	30	820	23	70	2	X	2	X	9	1	11	X	9	245
134059	7	X	11	8	2	14	X	4	1	1	1	9	2	190	X	X	X	4	7	20	636	15	79	4	2	2	X	4	X	4	X	2	194
12490	4	X	4	12	X	7	3	X	2	5	2	6	6	142	X	X	X	3	1	14	350	13	77	2	2	4	X	7	2	2	1	2	154
62742b	1	1	3	7	2	11	X	1	2	1	2	1	2	107	X	X	1	2	1	4	157	7	53	1	2	23	X	1	X	1	1	1	61
12489	7	X	7	14	5	16	1	2	1	3	1	2	2	165	2	X	3	8	9	11	596	16	94	X	2	1	X	6	X	1	X	9	188
134101	5	X	4	9	1	9	1	3	4	5	1	8	6	266	X	X	X	8	X	11	637	13	86	6	X	2	X	5	4	1	1	4	216
12500	1	X	1	13	X	1	1	11	X	X	1	6	7	303	1	X	X	X	X	2	429	13	18	4	X	X	X	8	2	X	6	2	171
12495	X	X	X	X	X	X	X	X	X	X	X	X	X	1	X	X	X	X	X	1	1	1	X	X	X	X	X	X	X	X	X	X	X
216919	X	X	X	X	X	1	X	X	1	X	X	X	X	3	X	X	7	X	X	X	3	X	X	X	X	X	X	X	X	X	X	X	2
6799b	6	3	141	21	4	16	1	4	5	8	5	7	9	270	X	X	X	6	13	8	648	17	101	2	2	97	X	5	X	3	1	6	277
16886	4	1	3	6	1	13	3	2	5	12	X	10	3	245	X	X	1	5	2	16	428	11	116	3	2	1	X	5	X	4	X	3	195
216905	X	X	X	1	X	2	X	X	2	X	X	1	1	3	X	X	8	X	X	X	3	X	X	X	X	1	X	1	X	X	X	X	1
102605	2	1	100	10	X	26	2	1	7	10	1	4	10	226	X	X	3	X	1	17	451	12	90	1	2	1	X	2	1	2	X	1	152
117103	5	X	2	X	X	2	X	4	1	9	X	4	3	149	1	X	X	1	2	8	583	7	36	1	X	32	X	6	X	3	X	1	191
12520b	3	X	4	3	1	2	X	3	X	3	1	8	8	258	X	X	X	3	4	4	657	5	38	5	X	2	X	2	1	2	X	6	244
216923	X	X	X	X	X	4	X	X	X	X	X	X	3	4	X	X	6	X	1	X	X	X	X	X	1	X	X	X	X	X	X	1	4
216914	1	X	1	X	1	4	X	X	1	X	1	1	2	25	X	X	X	1	X	1	10	1	3	X	X	1	X	1	X	X	1	X	12
62687	3	1	3	19	1	32	2	X	11	17	2	3	5	218	X	X	15	5	5	10	341	16	83	1	4	79	X	5	X	1	1	5	159
26450b	7	1	7	25	2	8	3	4	4	8	X	7	3	209	X	X	2	10	7	19	425	24	74	1	2	2	X	5	2	X	X	8	180
26452	8	1	4	11	1	20	1	4	1	17	X	8	1	152	X	X	7	3	X	27	642	12	91	X	X	31	X	10	2	X	1	2	184
76693	9	2	6	20	2	17	5	3	4	5	X	9	7	282	1	X	8	7	X	12	469	30	79	3	2	3	X	5	1	7	1	7	179
6801	13	2	5	5	4	6	2	4	5	11	1	11	5	188	X	X	X	2	3	22	501	17	108	2	2	3	X	5	1	2	X	4	176
216908	1	X	X	X	X	7	X	X	1	X	X	X	2	15	1	X	6	X	1	1	17	X	3	X	X	X	X	2	X	X	X	1	8
32022	X	X	2	5	1	6	X	X	6	4	1	X	1	76	X	X	2	3	1	3	338	6	29	X	X	28	X	2	X	X	X	1	86
12526	2	X	1	X	X	X	X	X	1	X	X	1	X	6	X	X	13	X	X	X	3	X	X	X	X	X	X	X	X	X	X	X	X
134066	9	4	5	21	6	8	8	8	10	11	X	7	3	114	1	X	10	6	9	23	484	23	67	X	10	8	X	1	1	X	1	6	151
12484	9	X	16	16	4	10	2	1	2	12	2	24	8	257	X	X	X	15	X	8	707	18	104	3	X	2	X	4	X	X	X	11	253
37463	8	X	2	15	5	11	2	2	5	23	1	7	3	206	X	X	10	2	3	8	451	18	115	2	3	41	X	3	X	X	X	6	170
6798	8	2	3	16	3	26	2	2	9	9	1	7	6	269	X	X	6	4	2	8	702	27	74	3	4	1	X	5	1	X	X	4	193
12511	11	X	7	5	3	10	1	8	5	11	2	14	3	210	1	X	1	6	14	20	716	18	111	1	1	1	X	6	X	X	X	7	215
62761	4	X	1	10	4	20	1	3	6	16	X	5	8	198	1	X	8	X	11	10	344	10	70	3	X	35	X	5	X	2	X	4	159
62627	10	1	8	15	1	26	3	5	16	16	1	7	6	192	1	X	13	1	X	6	433	22	73	4	7	1	X	2	2	1	1	7	174
62636b	X	X	3	5	1	24	1	X	9	2	1	3	1	62	X	X	3	3	2	11	170	5	23	X	3	1	X	2	X	2	X	1	53
35352	24	5	4	54	4	26	8	11	19	17	14	19	21	764	3	X	7	42	X	42	810	58	194	4	7	134	X	8	5	X	2	16	253
62766	6	1	6	17	3	16	1	6	9	9	3	12	11	221	X	X	9	2	6	12	473	16	80	1	5	48	X	4	2	X	X	13	146
134061	3	X	1	18	2	19	1	X	3	4	X	2	X	101	X	X	3	3	4	14	347	14	61	1	2	1	X	1	X	2	X	5	127
134074b	9	X	7	19	2	12	1	4	3	9	1	20	4	268	X	X	1	6	2	7	849	18	92	1	X	3	X	X	X	6	1	4	263
76701	3	1	4	7	X	16	X	1	4	4	2	5	7	182	X	X	7	1	3	8	493	13	78	1	X	2	X	4	X	2	1	7	161
62787b	2	1	2	9	2	10	2	1	4	5	1	2	X	91	X	X	10	X	3	1	249	11	52	3	1	19	X	1	X	1	X	5	72
178011	26	3	5	16	1	15	3	7	7	14	4	10	8	561	2	X	8	28	1	12	419	25	147	3	3	92	X	10	1	4	6	6	178
61468	3	1	7	6	2	10	1	X	X	8	2	8	3	149	1	X	2	4	3	12	637	14	73	1	X	43	X	9	X	1	2	4	251
62766b	8	X	2	12	3	20	1	3	2	5	4	11	6	149	X	X	8	3	8	9	383	12	84	2	5	34	X	4	X	1	X	3	132
12521	10	6	4	34	3	24	2	9	8	7	X	3	5	250	X	X	2	5	5	16	682	25	150	2	3	3	X	2	3	1	X	8	237
37464	5	X	3	6	2	14	X	4	3	5	X	4	5	264	X	X	4	3	2	4	706	16	100	1	1	52	X	1	X	1	X	3	212
37469	1	X	X	X	X	4	X	X	X	X	X	2	X	2	X	X	6	X	X	1	3	X	X	X	X	X	X	X	X	X	X	X	4
12483	12	3	2	27	1	1	1	3	5	4	1	10	6	187	X	X	2	7	X	10	226	19	65	3	X	4	X	4	2	X	2	10	121
216924	X	X	1	X	X	X	X	X	1	1	X	2	1	23	X	X	7	X	1	2	12	2	2	2	X	X	X	X	X	X	X	1	8
216913	3	X	2	X	X	1	X	X	3	1	X	1	9	80	1	X	2	1	X	1	21	3	20	X	X	12	X	2	X	1	X	X	33
62680b	1	1	1	8	X	20	X	X	6	6	4	2	9	85	X	X	7	1	X	2	191	6	42	X	1	X	X	3	X	X	X	5	66
62680	5	X	2	12	X	27	2	1	14	2	2	4	4	153	X	X	8	2	2	5	255	12	50	2	4	1	X	2	1	1	X	4	81
216929	1	1	X	X	X	12	X	X	3	X	1	X	X	9	X	X	7	1	X	2	2	X	4	X	1	X	X	X	X	X	X	X	5
134070	2	2	2	9	2	13	X	X	3	8	X	5	7	182	X	X	3	2	1	9	414	8	73	3	X	2	X	2	X	2	1	2	140
12492b	19	3	305	23	1	14	1	6	5	18	2	16	9	359	1	X	X	13	X	31	956	23	127	8	3	3	X	9	1	X	1	9	306
12492	26	3	310	26	2	1	4	6	6	10	2	16	8	365	2	X	1	20	X	31	1047	23	150	8	X	4	X	6	X	1	1	11	317
37417	1	X	1	6	1	14	1	1	7	1	1	6	6	232	1	X	6	6	3	5	403	4	62	2	2	X	X	2	X	2	X	10	169
62636	5	2	3	14	X	34	X	1	9	8	1	5	5	125	X	X	19	2	3	9	337	14	49	X	4	X	X	2	1	X	X	3	105
6797	X	X	3	13	X	68	X	X	29	1	X	7	2	18	X	X	19	2	X	5	32	1	10	X	9	X	X	X	X	X	1	3	11
76699	7	X	X	6	1	9	X	2	5	14	X	8	5	196	X	X	7	3	1	4	464	18	71	4	X	4	X	4	X	3	1	5	158
26458	2	3	2	7	1	17	2	4	3	6	1	10	2	240	1	X	1	4	X	25	735	16	82	2	3	80	X	4	X	9	X	6	226
12497	10	3	2	21	1	4	1	3	3	7	5	9	14	260	1	X	8	9	3	6	317	17	63	4	2	3	X	5	X	5	3	3	110
117088	4	X	5	1	X	X	X	2	X	2	1	6	4	64	X	X	1	X	X	3	152	1	15	X	X	X	X	X	1	1	X	2	156
216907	1	1	1	X	1	2	X	X	1	3	X	1	6	50	X	X	8	3	1	1	18	X	17	X	1	X	X	X	X	X	1	X	14
6803b	3	X	6	4	3	10	2	2	3	2	3	12	1	148	X	X	2	10	12	7	394	6	57	X	1	1	X	3	X	1	X	6	131
61457	9	3	6	7	1	10	4	3	3	1	2	4	6	167	1	X	3	5	12	12	375	15	86	4	3	1	X	5	1	X	1	6	127
76709	5	X	1	19	4	20	4	4	7	7	1	10	6	207	X	X	6	9	2	10	289	27	85	2	1	1	X	3	3	X	3	5	131
117094	4	X	X	2	X	1	X	2	1	5	1	6	2	93	1	X	X	4	X	9	530	1	11	4	X	33	X	3	1	5	1	5	199
12502	3	X	1	9	3	32	X	1	9	3	X	2	X	59	1	X	6	2	X	2	165	12	32	X	2	7	X	X	X	X	X	3	47
216930	17	2	6	7	2	17	2	4	1	19	3	8	13	446	1	X	4	11	1	13	494	17	107	3	2	2	X	9	X	X	3	6	252
32031	1	1	129	10	2	10	1	6	1	6	X	12	4	293	2	X	5	4	6	20	1077	13	72	2	X	1	X	6	1	3	1	15	297
16884	5	X	136	13	5	13	X	3	5	11	X	17	12	280	1	X	X	6	1	8	675	23	78	3	1	2	X	5	1	1	X	8	247
12514b	6	1	X	5	X	2	X	2	X	7	1	7	3	200	X	X	1	X	X	X	372	5	31	X	1	4	X	5	1	X	X	6	165
134064	1	X	1	1	X	11	1	1	4	3	1	2	2	59	X	X	3	X	4	6	144	5	22	X	4	X	X	2	X	3	X	2	76
76715	7	1	5	15	4	18	2	1	2	10	1	5	7	184	X	X	3	5	5	4	428	7	78	1	X	42	X	4	X	X	3	3	168
37412	10	1	5	27	2	21	4	5	7	13	4	20	11	740	1	X	9	7	1	19	809	43	199	14	2	11	X	13	4	6	2	13	412
12524	6	X	4	10	X	8	1	8	1	5	1	3	2	220	X	X	X	10	12	33	910	20	88	2	1	X	X	4	1	4	2	3	240
62622	5	X	3	30	3	45	1	3	19	13	X	12	9	201	X	X	25	3	8	12	213	24	85	4	2	6	X	4	X	X	1	1	86
178014	9	X	7	12	X	19	2	10	6	20	2	15	16	506	2	X	4	9	1	13	572	11	136	5	3	5	X	16	4	1	2	11	310
134112	22	9	8	43	4	12	5	5	5	24	3	24	14	966	4	X	10	9	X	17	819	50	248	7	2	4	X	11	6	2	2	21	508
216921	2	X	1	1	X	3	X	X	8	1	X	X	3	14	X	X	16	X	2	4	8	X	3	X	1	X	X	X	X	X	X	2	6
40945	9	1	2	4	X	8	2	1	2	11	1	9	9	312	1	X	4	8	5	4	785	8	106	2	1	4	X	9	2	1	3	11	277
134113b	7	X	18	15	3	11	1	4	3	11	1	11	4	213	1	X	2	9	17	34	869	18	96	X	1	X	X	7	1	8	X	3	258
216916	1	X	X	1	X	11	X	1	3	X	1	2	1	17	X	X	9	X	X	1	5	X	3	X	X	X	X	X	X	X	X	1	13
102616	2	2	2	21	X	7	7	1	12	4	X	2	15	104	X	X	35	1	6	6	118	17	40	2	3	1	X	5	X	2	1	13	64
76691	4	3	X	38	3	14	4	3	14	8	X	7	10	204	X	X	19	5	2	7	209	40	87	9	4	4	X	5	X	2	3	10	93
117088b	X	X	2	1	X	3	1	1	1	2	1	8	5	88	X	X	1	3	X	4	193	3	9	X	X	X	X	3	1	X	1	X	163
134087	8	X	X	8	1	12	X	12	9	2	1	9	2	138	X	X	2	1	2	9	505	6	58	X	X	2	X	5	X	1	X	3	155
6803	8	1	9	17	4	16	1	2	1	12	1	7	6	246	1	X	1	11	17	9	757	11	118	2	5	1	X	2	1	X	X	6	239
76695b	12	2	5	15	2	14	1	2	7	6	X	3	7	212	X	X	3	2	1	8	400	10	84	2	3	3	X	5	1	X	1	2	126
26450	7	1	3	8	3	3	X	3	3	8	X	10	4	236	X	X	3	13	7	38	681	15	71	1	2	2	X	1	X	1	1	8	208
12486	12	5	8	13	2	8	3	9	6	4	1	12	2	250	1	X	2	8	17	14	576	25	93	2	1	X	X	3	X	X	4	6	201
12509c	7	4	4	22	4	16	X	1	6	11	1	10	2	269	1	X	4	6	4	12	382	28	138	3	2	51	X	4	1	1	2	4	176
62634b	4	1	1	11	X	19	3	X	8	4	1	6	4	114	1	X	5	2	X	7	237	6	40	X	2	2	X	X	X	X	1	2	90
216918	5	5	2	3	X	5	X	2	1	1	2	X	18	134	2	X	8	2	2	1	31	5	27	X	1	4	X	1	X	X	2	3	33
16887	7	X	13	16	3	15	X	7	5	4	2	9	3	244	X	X	X	6	X	14	411	14	114	2	2	3	X	5	1	7	1	2	180
134108b	3	X	4	14	5	14	2	3	6	5	X	4	1	104	1	X	2	4	5	7	355	14	61	X	2	1	X	5	X	2	X	1	135
62630	5	X	8	13	1	29	3	2	11	9	X	2	2	172	X	X	17	1	4	3	440	15	73	1	4	X	X	3	2	1	1	3	91
12488	16	3	4	4	X	12	1	7	1	7	1	12	6	209	X	X	1	3	8	23	766	12	99	2	2	1	X	4	X	2	1	6	290
216904	5	1	13	26	2	13	2	3	8	22	4	6	21	484	1	X	7	10	1	11	579	28	88	5	X	5	X	10	1	2	10	2	169
26451b	3	X	69	7	2	1	X	2	X	7	X	7	1	134	1	X	1	4	X	6	494	5	49	4	X	X	X	1	X	1	X	2	118
134095	1	X	1	1	2	9	1	3	1	2	X	4	2	126	X	X	X	2	1	4	365	4	44	X	X	34	X	2	X	2	X	1	114
12494	17	X	4	17	4	13	1	7	2	11	1	11	6	262	X	X	3	7	3	8	841	17	121	3	X	42	X	2	1	1	X	5	237
12485	10	2	5	41	3	29	2	X	4	22	3	11	9	252	1	X	18	7	2	17	522	29	123	2	2	68	X	4	X	7	X	9	217
61467b	9	3	9	8	1	5	1	4	2	5	5	7	4	274	X	X	2	9	2	26	830	31	95	1	2	2	X	2	1	14	1	11	250
6800	11	2	8	16	5	15	5	5	5	7	1	11	4	314	X	X	2	6	3	19	696	20	142	2	1	3	X	10	X	4	X	3	273
216922	1	X	X	X	X	2	X	X	6	X	1	1	3	12	X	X	7	X	X	2	4	X	1	X	X	X	X	X	X	X	2	2	3
216915	X	X	X	X	X	8	2	X	X	X	X	1	1	24	1	X	3	1	1	X	4	X	3	X	X	X	X	1	X	X	X	1	9
12521b	4	1	5	14	5	23	1	5	6	6	X	7	2	266	X	X	3	11	4	24	846	31	130	2	2	2	X	10	X	3	2	9	245
62743b	4	X	6	6	X	24	X	3	5	2	X	6	2	110	X	X	16	4	12	7	233	10	47	2	4	1	X	2	X	1	1	2	88
6799	10	4	46	74	X	13	2	X	10	19	8	9	10	218	X	X	12	3	7	6	138	53	75	2	3	112	X	4	3	2	6	8	87
134098	8	X	2	9	2	12	1	1	X	5	2	8	3	132	X	X	5	4	X	18	546	12	66	2	3	2	X	1	1	1	1	3	181
76707	9	X	5	22	X	15	5	6	6	5	1	8	4	267	X	X	6	7	2	13	388	23	110	4	3	X	X	8	2	5	1	5	183
216909	1	X	X	1	X	4	X	X	5	X	1	1	X	5	X	X	4	X	X	X	X	X	2	X	X	X	X	X	X	X	X	X	1
12499	5	2	4	28	1	18	1	2	10	14	X	10	17	226	X	X	5	5	6	10	424	30	118	3	7	66	X	9	2	5	X	3	198
32023	6	1	4	9	5	14	2	1	9	7	X	6	1	130	X	X	3	4	1	6	300	10	69	1	1	1	X	2	X	2	X	1	110
216927	2	X	1	X	X	4	1	1	1	1	1	2	1	54	1	X	9	2	1	2	13	3	16	1	X	X	X	3	X	1	X	2	17
12527	26	1	8	284	3	30	56	5	44	43	X	15	19	348	1	X	43	2	9	24	142	335	87	8	6	6	X	6	4	5	5	6	110
216910	X	X	X	X	X	3	X	X	2	2	X	1	1	30	X	X	2	X	X	1	11	1	1	X	X	X	X	X	X	X	X	X	13
134111	3	X	5	6	4	9	X	7	2	5	X	8	1	211	X	X	3	8	12	12	786	8	77	X	2	31	X	7	X	1	X	2	208
37419	7	X	3	4	2	7	1	2	3	4	1	6	7	230	3	X	4	2	2	8	722	5	64	2	2	49	X	5	X	1	X	6	201
134108	9	1	7	13	3	18	2	2	3	5	2	4	5	116	1	X	X	1	6	13	406	7	52	1	1	1	X	1	X	3	1	5	122
102610	1	X	4	18	2	27	2	X	10	15	1	6	5	192	X	X	13	5	10	15	330	19	68	4	2	30	X	2	X	X	1	5	113
12509	10	1	5	20	X	16	X	4	3	10	1	9	9	226	X	X	1	12	9	16	877	21	108	4	1	3	X	5	1	1	1	5	236
6805	4	1	2	20	1	11	2	X	6	8	3	2	4	221	X	X	2	1	6	6	283	20	83	1	X	X	X	3	X	X	X	8	86
76697	3	2	2	26	10	26	1	6	5	3	X	8	10	369	X	X	9	4	9	12	847	15	116	6	3	3	X	7	X	6	3	8	268
12480	6	X	1	5	1	11	1	5	2	5	1	2	3	193	X	X	6	5	7	32	786	10	109	1	X	36	X	2	1	1	1	3	163
26456	11	1	10	4	1	5	X	4	2	3	1	6	2	246	X	X	2	6	5	18	921	5	58	X	X	5	X	4	1	2	1	9	277
102605b	3	X	80	3	3	20	1	1	2	7	1	4	2	114	X	X	7	2	2	10	254	10	39	1	3	3	X	3	1	X	1	1	107
62687b	3	X	1	6	1	23	1	1	3	10	1	1	7	113	1	X	4	1	4	7	254	10	39	1	5	36	X	3	1	3	1	3	69
12489b	6	X	3	46	X	24	6	2	10	8	X	16	3	212	1	X	12	6	11	21	471	40	119	2	7	2	X	5	1	1	1	13	177
134055	9	4	4	7	4	10	1	7	3	6	X	13	2	256	X	X	X	3	X	31	869	9	94	1	X	42	X	2	2	2	1	9	249
37467	4	X	75	7	X	7	1	X	5	5	1	2	2	161	1	X	2	4	2	4	381	7	49	3	X	1	X	2	X	8	2	3	88
12522	2	X	X	3	X	X	X	1	X	X	X	4	6	267	X	X	X	2	X	X	509	3	13	1	X	21	X	2	X	2	X	X	151
12515	4	X	X	8	X	7	X	5	1	2	X	19	4	552	X	X	6	1	1	X	603	3	20	2	X	2	X	11	5	3	1	20	260
37469b	X	X	X	X	X	X	X	X	X	X	X	X	X	X	X	X	X	1	X	1	3	X	1	X	X	X	X	X	X	X	X	X	X
40943	3	1	7	8	1	15	X	2	3	11	X	7	2	186	X	X	X	4	4	14	485	9	63	2	5	1	X	1	1	1	X	2	144
62752	11	X	5	22	1	26	5	3	5	3	1	4	17	199	1	X	13	1	2	11	345	32	95	3	5	3	X	2	2	1	1	8	176
62743	14	1	3	47	3	26	10	1	23	7	2	6	8	199	1	X	38	5	3	16	169	75	67	3	3	2	X	2	X	X	X	5	76
37419b	4	X	X	3	1	5	X	X	1	3	X	3	5	81	1	X	6	2	X	8	255	3	46	X	X	23	X	1	2	1	X	1	84
102610b	5	X	1	9	5	29	2	2	2	10	X	4	4	126	X	X	6	3	8	10	412	9	83	4	3	33	X	1	1	X	X	5	123
12504	5	1	1	10	5	10	1	5	5	21	7	3	12	240	X	X	9	2	4	4	476	15	93	5	2	2	X	3	3	X	X	4	169
76713	3	X	6	6	3	14	1	5	8	13	X	6	5	136	X	X	9	3	3	6	261	13	61	3	3	52	X	1	X	X	X	3	120
32021b	4	X	1	10	X	9	1	1	4	3	1	2	2	87	X	X	3	1	1	3	102	4	28	1	X	20	X	1	X	X	X	1	49
16882	9	X	7	4	X	14	3	5	6	9	X	7	4	269	X	X	1	4	1	3	370	16	111	2	2	35	X	3	X	1	X	6	200
62761b	7	4	8	13	4	26	X	X	9	11	1	5	6	208	X	X	11	1	5	17	329	13	78	3	1	43	X	6	1	2	X	3	134
117089	X	X	X	X	X	1	X	X	X	X	X	X	X	1	X	X	X	X	X	X	2	X	X	X	X	X	X	X	X	X	X	X	X
12480b	X	X	5	4	3	9	1	6	1	4	X	7	1	145	X	X	1	5	13	19	482	10	39	1	1	12	X	6	X	X	1	2	130
12491	X	4	2	5	1	4	X	X	6	1	X	3	11	248	X	X	4	4	X	3	331	16	44	2	X	31	X	3	2	3	1	1	119
76697b	3	1	5	24	8	16	X	2	8	3	X	9	16	193	1	X	8	4	4	19	535	25	108	X	1	X	X	8	2	9	2	7	188
216906	8	X	1	4	X	3	1	1	1	9	5	3	4	190	X	X	8	1	X	5	136	5	22	3	X	2	X	4	X	X	X	4	73
207745	5	2	1	X	3	6	X	X	1	2	X	11	9	205	X	X	1	1	1	8	299	5	41	4	X	1	X	6	X	3	4	3	122
12528	4	X	X	8	X	2	1	5	1	2	3	15	4	276	X	X	X	X	8	X	515	6	29	4	1	33	X	1	1	1	3	3	234
12496	X	X	X	5	X	X	X	X	X	X	X	1	X	2	X	X	X	X	X	X	X	3	X	X	X	X	X	X	X	X	X	2	X
26457b	20	4	5	22	7	16	3	4	2	12	X	18	7	255	1	X	1	11	10	20	793	28	111	3	2	X	X	5	2	1	X	9	276
216931	3	X	1	6	X	3	X	1	1	4	1	4	5	72	X	X	4	1	X	2	39	3	18	1	X	22	X	X	X	1	1	3	46
6796	11	X	11	8	1	15	1	10	3	9	4	12	3	196	1	X	1	5	8	21	511	31	98	3	1	29	X	6	X	X	X	X	222
134097	4	X	3	6	2	5	X	2	2	3	7	4	1	180	2	X	2	7	2	24	705	9	78	2	X	2	X	1	X	2	X	6	225
12500b	4	3	11	8	3	11	2	8	3	11	1	7	3	289	X	X	1	6	1	13	830	19	88	2	1	3	X	7	2	X	2	8	268
16884b	10	X	180	18	2	20	1	7	4	7	X	15	8	355	X	X	3	5	X	9	857	25	107	1	3	3	X	2	1	1	2	8	289
37471	9	X	2	12	X	45	X	4	4	7	X	7	6	183	X	X	12	5	5	11	335	9	78	1	3	3	X	3	1	7	2	12	140
12503	2	X	5	16	1	19	1	2	6	6	1	6	4	148	X	X	6	3	3	3	371	15	73	X	4	X	X	X	X	3	X	3	141
32030	1	X	X	8	X	2	X	1	1	X	X	4	1	78	X	X	X	X	1	1	78	11	18	1	X	25	X	2	X	1	X	2	53
134070b	4	3	1	7	3	16	1	1	7	3	1	1	3	78	1	X	21	1	1	4	162	5	28	1	3	1	X	1	1	1	X	2	66
134112b	7	1	4	25	5	9	9	5	6	10	1	13	1	243	X	X	6	6	4	9	272	24	60	2	3	2	X	3	2	2	5	5	139
16885	15	1	10	18	1	17	2	4	2	10	1	15	5	406	X	X	2	13	X	10	645	24	145	1	3	116	X	6	X	1	X	11	227
134074	13	X	8	4	4	17	X	8	2	14	X	20	8	395	X	X	3	11	1	9	1166	20	150	3	1	3	X	7	1	7	X	7	308
62737	10	X	7	16	3	14	X	3	4	3	2	9	7	152	X	X	1	X	2	11	368	9	73	3	3	4	X	2	2	3	3	2	132
62627b	3	X	2	13	1	26	1	X	8	8	X	4	3	64	X	X	9	2	2	8	219	7	37	X	7	X	X	2	1	X	X	1	63
134098b	4	1	3	3	X	15	X	4	2	4	1	3	6	143	X	X	1	3	1	24	497	14	60	4	X	3	X	1	X	1	X	1	159
76705	3	X	2	7	3	11	X	X	1	11	X	7	8	188	1	X	1	7	2	8	433	4	41	1	X	X	X	3	1	1	1	3	131
32021	5	1	2	20	1	9	2	X	8	10	1	7	15	240	1	X	22	3	4	5	318	25	81	4	X	69	X	7	2	2	3	8	154
12525	8	1	16	16	3	6	X	8	1	26	2	7	6	310	1	X	X	9	3	13	922	21	125	X	5	X	X	6	1	8	X	9	281
134113	7	X	7	8	1	11	1	1	3	14	1	12	9	279	X	X	2	9	12	28	767	24	128	1	4	3	X	2	1	5	2	5	246
6802	6	1	5	44	1	16	3	6	9	8	X	10	8	320	2	X	8	7	1	7	362	29	108	4	1	77	X	9	1	6	1	12	159
6802b	7	1	4	19	2	4	X	10	3	10	2	13	1	262	2	X	3	8	1	17	938	24	104	1	3	53	X	5	X	5	1	12	277
117103b	X	X	X	2	X	3	1	X	1	1	X	3	2	90	X	X	1	X	1	2	94	2	3	1	1	34	X	4	X	2	2	5	91
12496b	2	X	4	9	2	11	2	X	9	7	1	4	2	69	X	X	3	X	4	3	168	6	53	X	X	2	X	X	X	1	2	3	56
26451	5	X	139	11	X	13	1	2	X	7	X	6	7	162	X	X	X	10	1	8	719	9	91	3	2	X	X	6	1	3	X	3	210
216917	X	X	1	1	X	4	X	X	2	X	X	1	3	17	1	X	11	X	X	X	8	X	3	X	X	X	X	X	X	X	X	X	4
216920	X	X	X	1	X	10	X	X	1	X	X	1	X	12	X	X	2	X	X	2	13	1	8	X	1	X	X	X	X	X	X	1	8
12509b	2	1	4	16	4	9	4	2	6	14	2	11	5	241	X	X	4	6	1	16	405	24	108	2	4	44	X	3	X	3	1	7	198
12527b	2	X	1	19	X	12	1	X	3	5	1	4	1	106	X	X	3	2	X	4	264	12	55	2	3	1	X	2	X	1	X	2	88
37465	X	X	X	X	X	2	X	X	X	X	X	X	X	1	X	X	X	1	1	1	2	X	1	X	X	X	X	X	X	X	X	X	1
16888	11	X	16	15	3	8	1	5	6	16	2	13	4	344	X	X	1	3	15	25	578	21	121	4	2	41	X	9	X	7	1	5	240
12520	1	X	X	8	X	1	X	7	X	1	X	10	1	314	1	X	X	X	X	X	286	3	6	4	X	1	X	4	2	3	2	4	111
32024	2	2	1	11	2	6	X	6	2	7	X	13	4	361	X	X	2	8	X	9	730	6	96	3	1	1	X	7	X	X	2	6	272
178009	20	1	23	12	2	28	4	1	5	20	1	11	12	530	2	X	13	7	X	6	559	21	152	4	3	80	X	4	3	3	5	4	260
216925	X	1	X	X	X	1	X	X	1	X	X	X	1	11	X	X	5	X	X	X	3	X	2	X	X	X	X	X	X	X	X	X	1
216912	X	X	X	X	X	1	X	X	1	X	1	X	1	8	X	X	4	X	X	1	3	X	1	X	X	1	X	X	X	X	X	X	2
12517	5	4	2	7	3	6	1	1	3	6	1	9	5	250	X	X	2	8	1	26	1008	18	111	2	1	5	X	6	X	5	1	6	258
62622b	7	1	5	18	2	33	3	1	13	11	1	9	5	102	X	X	12	2	X	5	215	10	47	X	7	3	X	3	1	X	X	6	78
12482	4	X	3	13	2	7	4	1	4	5	1	8	7	148	X	X	2	4	X	6	223	9	56	4	2	74	X	2	1	X	3	1	84
12519b	7	X	6	19	2	11	4	1	4	5	X	11	1	108	X	X	7	5	8	8	293	18	74	2	2	4	X	X	X	1	X	1	116
76695	18	X	9	17	1	26	1	5	7	12	2	4	11	239	X	X	4	5	1	13	496	25	100	3	3	3	X	3	1	X	1	7	166
12493	3	1	5	3	1	X	X	7	1	1	1	14	4	217	1	X	1	4	6	13	652	7	37	1	1	X	X	6	X	3	X	5	250
76691b	12	X	5	14	3	16	4	6	2	2	1	8	6	214	1	X	1	2	4	13	315	11	82	3	3	2	X	5	X	2	X	4	120
37468	2	X	2	2	3	6	1	3	X	1	1	8	3	191	1	X	7	2	7	3	742	6	67	2	2	1	X	3	X	6	1	7	214
26452b	2	1	6	6	2	9	X	3	X	10	1	4	2	127	X	X	2	2	2	24	420	14	52	X	1	18	X	1	X	1	X	X	110
62681	5	1	61	21	2	18	9	1	6	8	1	5	14	181	X	X	44	4	5	7	212	22	59	2	1	3	X	13	1	4	4	7	115
61464	X	2	10	11	X	2	1	2	2	19	X	10	12	446	1	X	2	3	X	6	633	17	85	4	1	5	X	8	2	3	6	6	226
102616b	X	X	X	X	X	1	X	X	1	X	X	X	X	X	X	X	1	X	X	X	3	X	X	X	X	X	X	X	X	X	X	8	1
102682	10	1	3	4	X	9	X	1	4	3	X	6	1	127	X	X	2	2	3	7	544	10	76	2	1	27	X	X	X	2	X	6	155
76711	4	X	5	16	1	16	1	3	9	7	1	4	4	211	X	X	6	X	4	7	444	13	71	3	4	X	X	2	1	3	2	1	141
102589	16	7	13	13	X	16	1	4	2	4	X	27	10	322	1	X	4	7	1	12	616	17	87	4	2	1	X	4	4	X	2	17	303
216928	10	2	2	12	2	3	1	4	2	6	2	10	19	687	3	X	5	10	X	7	500	25	98	8	1	3	X	8	1	1	5	4	266
