Sample_idx1_idx2	DermGT_01	DermGT_05	DermGT_06	DermGT_10	DermGT_13	DermGT_15	DermGT_18	DermGT_22	DermGT_39	DermGT_43	DermGT_48	GT_14-5	GT_A1	GT_A6	GT_B116	GT_C102	GT_Cc1G02	GT_Cc5C08	GT_Cc5F01	GT_Cc5H07	GT_Cm3	GT_D1	GT_D115	GT_D8	GT_LB123	GT_LB133	GT_LB141	GT_LB142	GT_LB143	GT_LB145	GT_LB158	GT_Or2	GT_Or7	
	332	41	125	71	22	307	89	425	98	172	142	88	71	X	130	X	2	190	4	398	X	135	15	134	4	45	X	34	88	5	18	58	X
	619	63	239	107	74	307	76	797	123	445	203	175	93	1	148	X	6	497	18	1431	1	230	18	180	17	55	X	77	66	8	17	76	X
	100	30	31	23	2	118	41	98	49	64	54	15	35	X	30	X	4	64	X	41	X	73	3	23	2	6	X	12	14	X	7	12	X
	722	48	331	103	67	322	72	1212	127	475	189	112	80	1	147	X	11	591	12	2009	2	310	22	156	13	76	X	69	65	23	19	147	X
	766	67	300	125	69	413	93	1145	117	520	185	235	102	X	140	X	5	620	17	1892	1	304	34	199	8	47	X	82	64	11	20	103	X
	20	7	8	5	X	20	10	10	15	11	10	4	10	X	12	X	X	12	1	3	X	6	X	4	1	4	X	5	2	1	2	3	X
	432	87	220	121	70	307	129	356	172	366	200	89	113	1	174	X	14	393	2	519	X	172	25	142	12	25	X	46	84	7	17	69	X
	176	31	84	58	28	84	45	82	59	182	99	28	33	1	48	X	7	181	1	184	X	64	5	56	6	22	X	22	13	21	12	18	X
	498	86	243	129	28	548	178	574	172	535	331	75	146	X	226	X	26	477	X	256	1	317	43	197	10	25	X	62	121	62	37	62	X
	620	71	267	89	86	349	74	730	145	438	178	164	86	X	176	X	9	508	14	1133	X	222	31	159	25	49	X	61	70	12	21	133	X
	323	52	147	66	44	195	83	240	91	256	121	88	82	X	96	X	8	225	8	336	1	164	15	105	4	54	X	19	49	35	15	25	X
	407	74	203	118	72	322	100	377	119	316	200	103	92	X	148	X	17	275	7	417	X	202	21	154	14	90	X	24	66	7	20	80	X
	472	123	245	157	66	523	190	422	248	561	236	139	143	X	260	X	26	363	9	622	X	305	34	244	19	46	X	70	97	72	26	124	X
	428	151	240	155	29	398	168	338	207	433	268	139	195	1	190	X	19	402	7	363	X	205	17	231	8	87	X	52	113	5	41	84	X
	437	82	163	108	35	501	137	525	154	383	199	105	131	1	236	X	9	304	6	612	X	201	18	195	13	70	X	52	99	14	37	107	X
	673	53	279	111	49	356	68	871	115	474	158	140	72	1	137	X	3	570	25	1882	X	278	17	155	6	75	X	68	90	4	21	107	X
	398	52	151	62	43	191	124	433	91	208	146	95	51	X	92	X	7	293	3	571	X	240	19	171	5	32	X	33	34	10	23	77	1
	304	86	102	93	24	675	156	400	120	302	153	88	115	3	259	X	20	227	5	366	1	134	19	218	7	77	X	76	75	9	36	121	X
	210	50	131	59	35	132	62	173	90	213	101	34	55	1	80	X	13	191	5	275	X	99	10	66	8	19	X	26	35	7	13	31	X
	291	48	152	58	52	161	63	257	104	252	130	47	61	X	88	X	11	239	10	345	X	135	14	77	6	21	X	16	42	3	15	41	X
	460	151	339	133	83	596	224	800	256	523	294	267	214	1	201	X	29	448	5	713	X	313	42	275	13	65	X	71	79	13	38	105	X
	718	192	396	253	21	738	267	638	307	802	606	93	270	1	341	X	21	538	7	274	X	415	22	270	8	110	X	74	111	79	56	92	X
	697	72	285	81	66	326	73	949	115	455	153	190	68	X	127	X	4	516	12	1490	X	334	10	154	11	79	X	59	45	22	8	160	X
	637	63	236	97	35	445	92	911	142	471	151	239	78	X	148	X	6	505	17	1409	X	221	13	191	7	87	X	79	94	105	20	180	X
	518	42	243	80	78	271	50	909	93	324	121	123	53	X	101	X	4	428	5	1145	X	291	23	111	6	59	X	46	63	21	13	113	X
	405	44	129	46	45	155	57	505	84	171	101	128	42	X	66	X	6	360	17	840	X	223	20	97	5	39	X	24	34	90	14	50	X
	187	37	90	50	26	137	61	176	67	176	69	36	40	X	70	X	7	185	2	218	X	122	17	59	3	15	X	19	32	2	5	38	X
	498	50	257	65	84	253	62	739	94	374	137	152	63	X	104	X	4	472	4	1158	X	253	24	119	12	41	X	33	48	6	8	98	X
	581	85	277	154	48	537	130	508	219	500	216	100	146	X	199	X	18	429	4	650	X	233	25	244	12	119	X	50	104	61	24	116	X
	265	19	12	49	4	850	137	523	31	7	96	188	165	1	334	X	19	71	3	10	X	359	6	300	5	84	X	119	194	2	52	76	X
	X	X	X	X	X	1	X	X	1	X	X	1	X	X	1	X	X	1	X	X	X	X	X	1	X	X	X	X	X	X	X	X	X
	10	2	1	X	X	9	X	11	X	4	3	1	3	X	8	X	X	4	X	2	X	3	X	4	X	X	X	X	2	X	1	1	X
	709	81	165	84	70	361	70	951	155	496	198	181	89	3	148	X	8	606	6	1705	X	328	39	177	7	3	X	76	72	9	19	171	X
	479	42	190	35	65	259	63	1117	83	314	136	231	69	X	75	X	2	329	11	1028	X	248	25	130	5	59	X	42	28	59	16	77	X
	13	X	2	5	X	8	6	5	2	8	5	1	7	X	4	X	1	9	X	X	X	4	X	1	X	4	X	X	3	X	1	X	X
	425	80	115	98	47	272	100	377	119	376	206	107	105	X	154	X	17	338	15	580	X	194	22	154	13	64	X	32	57	53	16	65	X
	523	39	199	66	31	253	47	971	74	311	128	148	65	X	83	X	3	416	13	1220	X	240	12	103	5	11	X	40	43	70	14	106	1
	547	54	220	98	28	454	100	927	91	331	214	248	109	1	167	X	14	403	5	361	X	259	6	179	3	75	X	62	72	31	29	132	X
	9	X	3	4	X	4	5	3	2	X	4	X	4	X	5	X	X	3	X	3	X	6	X	5	1	X	X	1	X	X	X	2	X
	25	10	11	15	X	32	20	33	13	25	20	2	10	X	15	X	2	16	X	5	X	21	3	11	X	2	X	5	12	1	6	5	X
	376	81	207	110	47	296	125	314	165	393	174	90	104	1	170	X	5	294	5	427	1	181	25	166	6	3	X	29	46	10	29	55	X
	503	66	203	96	56	477	77	620	163	411	169	172	78	3	169	X	14	408	19	986	X	240	22	177	11	59	X	90	83	12	28	123	X
	544	43	205	73	72	232	57	826	88	355	180	166	53	1	128	X	3	492	10	1291	X	263	31	142	6	21	X	46	46	5	15	117	X
	435	105	241	137	66	532	187	462	191	467	229	145	130	1	241	X	19	328	9	574	X	263	61	201	11	84	X	49	118	3	33	71	X
	574	60	208	67	70	349	75	758	124	416	156	208	58	X	146	X	5	480	24	1111	X	288	20	183	16	80	X	56	51	14	27	104	X
	28	10	16	13	1	8	1	25	14	35	23	2	8	X	14	X	X	32	X	13	X	14	3	14	X	5	X	1	3	X	6	2	X
	241	22	87	33	31	94	16	370	36	152	61	54	16	X	31	X	3	208	9	506	X	96	5	43	3	X	X	20	21	33	4	27	X
	X	1	X	X	1	14	4	6	X	1	1	X	1	X	3	X	X	X	X	X	X	1	X	3	X	1	X	2	6	X	2	1	X
	349	30	172	37	54	156	41	561	43	212	101	89	35	1	79	X	4	262	9	615	X	174	12	72	3	35	X	36	29	8	7	71	X
	665	76	247	95	64	451	112	1071	146	429	196	121	76	1	164	X	8	571	18	1693	X	294	37	196	12	97	X	60	67	8	19	160	X
	434	116	186	128	73	291	141	358	168	327	224	118	128	X	213	X	15	316	12	404	X	205	29	155	16	19	X	43	118	10	32	78	2
	512	67	242	111	76	294	122	507	135	498	225	98	123	X	151	X	14	427	14	696	X	216	26	164	10	72	X	54	90	52	23	79	X
	676	81	318	84	80	320	83	875	137	472	209	143	90	X	134	X	5	594	10	1335	X	270	28	171	11	101	X	63	84	6	16	109	X
	366	66	177	77	43	230	100	337	112	346	162	63	93	X	120	X	12	294	6	464	X	168	17	137	15	28	X	40	41	60	15	58	X
	343	94	194	118	57	397	127	328	131	403	190	88	131	1	192	X	19	341	11	495	X	180	22	149	10	72	X	38	83	4	7	45	X
	178	33	74	29	19	59	27	126	42	139	75	27	29	X	50	X	8	125	X	199	1	39	3	33	3	29	X	13	19	4	11	20	X
	1030	240	580	350	82	1787	392	1176	664	1153	563	112	544	4	556	X	30	850	18	1030	X	698	49	491	24	107	X	134	191	140	52	164	1
	370	80	201	129	45	368	111	312	158	406	193	75	116	2	161	X	19	330	3	477	X	205	20	185	17	60	X	62	81	7	21	64	X
	368	24	132	43	70	155	40	428	48	185	75	110	42	X	58	X	5	244	7	544	1	150	14	70	9	31	X	24	25	19	7	50	X
	671	66	316	107	76	361	78	930	145	456	184	80	85	1	141	X	10	610	23	1707	X	340	35	152	14	59	X	54	66	19	12	125	X
	380	96	185	112	55	325	125	334	132	372	193	119	82	X	143	X	6	360	14	521	X	166	25	144	2	104	X	44	60	90	12	68	X
	239	31	105	43	37	103	46	161	56	222	114	37	52	2	72	X	7	166	1	269	1	96	13	65	13	5	X	23	25	1	8	43	X
	557	136	420	303	31	1268	334	953	307	623	547	111	317	1	403	X	27	564	7	570	X	459	41	347	20	88	X	69	300	7	66	124	X
	693	51	258	102	60	309	60	1073	105	503	182	236	64	2	126	X	9	523	18	1645	1	328	21	152	9	32	X	70	72	86	15	140	X
	318	63	154	83	57	217	58	276	94	310	183	62	64	X	128	X	4	304	5	399	X	181	20	104	8	31	X	43	69	5	18	81	X
	656	84	285	96	92	509	105	772	166	482	220	212	103	X	178	X	14	540	20	1099	X	341	32	238	21	123	X	56	80	4	18	104	X
	546	99	249	123	43	381	132	495	157	403	233	155	138	X	190	X	14	407	9	651	X	226	24	175	11	30	X	61	83	103	26	69	X
	3	X	1	1	X	1	1	2	2	1	3	1	X	X	3	X	X	3	X	X	X	X	X	3	X	X	X	1	1	X	X	X	X
	197	63	97	76	21	529	159	263	147	149	135	87	87	1	224	X	11	162	4	297	X	103	13	154	4	107	X	56	87	2	40	97	X
	43	13	27	25	1	30	17	39	35	36	24	12	23	X	15	X	1	45	X	22	X	28	X	6	X	7	X	1	7	X	1	2	X
	209	36	60	49	1	160	35	162	77	132	96	30	74	X	68	X	4	154	X	65	X	102	1	26	2	10	X	17	18	6	6	11	X
	171	28	88	25	32	87	35	100	50	159	63	22	37	X	49	X	5	132	2	230	X	60	13	45	5	21	X	13	23	14	8	20	X
	257	58	137	80	32	254	94	224	126	217	125	41	94	X	99	X	5	232	3	306	X	89	14	116	9	58	X	23	48	20	12	42	X
	26	4	4	11	X	21	11	32	22	11	21	4	17	X	13	X	X	13	X	7	X	15	X	11	2	2	X	3	2	X	X	X	X
	334	98	159	78	40	257	88	271	149	342	173	91	106	3	126	X	17	341	8	418	X	159	21	122	9	77	X	35	70	14	25	53	X
	772	95	8	128	99	605	123	998	203	585	222	209	131	X	239	X	9	609	21	1410	X	347	35	234	15	112	X	114	102	104	22	192	X
	781	95	9	154	86	537	107	1014	208	609	214	184	115	1	197	X	14	687	20	1600	2	353	20	237	14	146	X	115	97	97	24	175	X
	386	48	142	99	35	362	104	566	134	257	146	119	101	X	169	X	5	256	10	493	X	172	18	149	5	51	X	56	86	54	31	69	X
	238	57	143	68	37	163	75	226	98	263	115	70	53	X	98	X	10	260	2	339	X	113	14	93	9	58	X	33	37	4	16	53	X
	46	7	19	12	11	24	13	28	13	40	18	10	12	X	9	X	1	36	1	44	X	16	X	10	3	8	X	7	7	3	1	4	X
	404	72	207	89	63	275	102	339	119	344	157	81	95	1	144	X	17	309	7	502	X	186	23	134	9	38	X	35	72	79	24	71	X
	612	54	277	81	83	311	55	1000	112	356	160	125	59	X	124	X	6	574	25	1758	X	236	27	140	6	2	X	53	48	56	15	120	X
	297	155	195	195	22	473	238	226	280	363	272	14	192	X	258	X	80	196	4	299	X	189	12	156	22	55	X	76	130	16	41	112	X
	286	30	104	32	2	184	22	209	50	116	71	55	48	X	49	X	X	148	3	268	X	32	2	36	3	29	X	21	11	30	8	71	X
	64	38	46	42	3	45	28	60	77	57	79	17	60	X	28	X	4	69	2	54	X	58	2	22	1	8	X	12	10	X	4	3	X
	382	41	211	56	72	184	45	632	78	274	103	121	49	1	70	X	2	392	8	1121	1	200	18	88	5	58	X	47	32	7	7	85	X
	357	65	171	93	63	192	84	356	127	317	193	97	74	X	122	X	13	296	4	483	X	173	17	125	15	53	X	41	56	7	17	57	X
	316	88	152	84	55	390	109	283	173	349	189	110	111	1	177	X	12	265	10	395	X	186	21	175	17	77	X	33	50	7	16	83	X
	411	37	146	54	7	352	77	562	40	299	144	219	47	X	74	X	1	304	5	461	X	119	12	135	X	38	X	45	53	36	16	174	X
	139	16	45	22	39	84	15	165	24	83	49	36	21	X	31	X	4	114	6	197	X	74	5	24	3	6	X	10	17	2	5	27	X
	962	157	579	279	68	886	283	1103	368	1051	653	52	295	8	373	X	25	839	9	587	1	685	37	308	20	94	X	91	161	6	38	115	X
	746	47	165	117	34	523	83	1061	123	464	178	216	105	X	168	X	3	496	13	1730	X	268	18	225	3	87	X	72	73	54	22	197	X
	552	59	160	73	107	310	67	942	152	487	156	207	134	1	102	X	8	360	9	923	1	266	27	147	17	82	X	49	84	55	21	113	X
	368	95	162	108	28	369	120	382	146	267	224	92	119	1	185	X	11	359	3	235	X	206	7	163	5	88	X	49	96	2	33	61	X
	140	18	72	17	27	86	13	154	20	89	42	37	13	X	41	X	1	122	1	267	X	60	15	37	3	23	X	14	13	3	5	20	X
	409	78	218	99	54	309	107	427	134	389	192	92	84	X	159	X	12	321	5	568	X	218	23	141	12	31	X	55	60	7	14	66	X
	1105	132	380	216	106	1284	339	1419	346	776	493	442	307	2	687	X	29	532	25	898	X	446	56	624	44	206	X	147	280	23	99	352	X
	614	58	333	80	66	319	68	897	124	446	159	192	88	1	97	X	6	519	11	1732	X	231	28	126	11	48	X	66	41	12	15	130	X
	243	104	157	116	36	273	97	179	183	257	154	45	126	1	161	X	31	182	14	254	X	144	28	139	20	42	X	37	92	3	36	49	X
	1242	161	602	311	44	1595	387	1712	370	1044	782	215	347	6	499	X	14	880	10	912	X	828	28	439	10	161	X	123	268	6	64	123	X
	1177	208	392	276	98	2111	520	1529	349	951	763	447	340	2	936	X	43	624	10	1280	X	550	63	757	18	324	X	162	324	207	110	356	1
	27	8	13	8	2	40	17	38	36	14	27	4	16	X	12	X	1	23	X	22	X	31	X	8	X	5	X	4	5	1	1	3	X
	646	103	336	128	48	476	157	594	244	603	252	79	150	1	245	X	13	479	8	767	1	281	21	231	13	117	X	53	114	12	27	123	X
	737	71	274	102	90	305	85	1056	102	476	208	186	101	X	134	X	11	656	1	1572	X	370	28	151	13	75	X	55	78	15	11	167	X
	30	9	14	9	1	40	12	22	8	18	18	3	9	X	21	X	1	15	X	10	X	20	2	9	X	8	X	1	4	1	4	3	X
	184	149	88	178	27	191	127	105	174	229	120	40	150	1	87	X	14	166	11	165	X	95	12	153	9	48	X	44	41	3	45	35	X
	283	113	133	153	27	458	193	209	264	229	153	61	151	X	162	X	26	228	5	251	X	123	20	172	15	78	X	53	101	92	47	70	X
	300	43	117	45	2	244	36	234	43	118	81	85	58	X	59	X	1	143	4	342	X	29	1	37	1	37	X	35	24	20	10	82	X
	443	26	154	38	67	164	34	593	57	223	100	118	35	X	63	X	4	312	14	708	X	200	13	82	6	47	X	35	36	10	7	65	X
	701	71	301	103	95	294	72	927	166	471	197	164	91	1	138	X	6	617	9	1804	2	285	36	157	9	104	X	91	62	21	13	131	X
	385	82	176	85	46	297	105	399	132	347	158	88	98	X	120	X	16	348	9	530	X	202	17	149	4	73	X	36	51	10	18	80	X
	557	45	223	94	50	414	73	808	126	431	144	178	71	1	111	X	10	473	7	1446	X	256	16	158	5	75	X	69	79	11	17	150	X
	562	62	240	98	77	468	102	705	146	353	176	136	87	1	170	X	9	478	8	1142	X	264	34	182	10	60	X	60	67	75	31	117	X
	549	85	226	109	77	402	134	684	184	408	219	114	105	1	204	X	8	510	24	945	X	273	38	223	10	31	X	53	72	72	26	113	X
	181	38	107	45	40	61	38	131	49	156	83	26	57	X	55	X	9	155	3	188	X	76	5	50	7	25	X	22	23	2	14	34	X
	142	104	137	114	6	177	99	132	165	130	102	30	159	X	111	X	40	152	4	53	X	108	5	34	3	18	X	24	25	2	21	14	X
	519	57	220	54	77	244	73	1177	112	302	119	220	77	X	84	X	7	393	12	945	X	270	21	103	5	48	X	40	26	10	15	102	X
	291	22	132	33	61	140	24	532	37	191	95	88	27	1	57	X	3	236	10	583	X	200	19	67	7	56	X	28	38	X	5	55	X
	322	70	149	85	43	228	105	190	127	310	162	39	97	1	122	X	16	263	2	356	1	142	17	133	14	51	X	34	44	21	26	39	X
	661	59	285	81	64	327	66	987	127	463	164	190	82	X	125	X	7	557	13	1586	X	326	18	173	5	87	X	73	81	11	11	127	X
	882	258	466	340	68	883	396	718	431	960	605	89	388	1	387	X	50	739	12	429	X	530	31	346	8	140	X	98	171	119	61	87	1
	412	20	71	57	43	176	40	699	54	255	104	123	28	X	87	X	2	352	6	830	X	203	15	83	3	29	X	38	50	53	6	81	X
	292	14	125	40	40	127	26	434	48	178	89	71	30	X	52	X	1	255	2	585	X	141	6	74	2	1	X	29	24	37	7	65	1
	674	74	297	107	62	437	86	903	161	501	170	206	106	X	156	X	10	638	23	1644	X	262	23	217	10	36	X	64	90	18	30	148	X
	542	103	245	116	68	643	176	560	230	501	260	249	113	X	229	X	8	472	13	774	1	271	32	274	21	82	X	96	115	62	37	166	X
	679	75	273	103	57	499	102	808	203	492	176	221	116	X	169	X	5	564	17	1281	1	249	32	239	11	89	X	78	71	91	18	154	X
	840	72	340	103	98	364	100	1269	154	461	212	266	82	1	171	X	13	651	35	2024	1	351	35	183	20	69	X	69	74	14	27	175	X
	24	10	9	11	X	25	9	17	16	11	16	4	6	X	7	X	2	17	X	10	X	16	1	10	X	5	X	6	6	X	2	3	X
	38	5	16	18	X	41	10	34	32	18	19	7	29	X	18	X	1	21	X	17	X	13	3	5	X	5	X	3	3	X	1	3	X
	734	78	295	94	107	460	99	926	153	427	191	221	91	X	203	X	5	546	28	1474	1	311	35	207	21	94	X	67	67	2	24	120	1
	271	33	174	61	47	141	67	167	82	245	112	40	51	2	72	X	10	201	2	278	1	124	8	81	3	31	X	14	34	1	12	37	X
	177	91	45	112	43	345	113	127	240	209	128	49	128	2	174	X	23	146	2	184	1	82	15	167	19	1	X	63	90	4	32	62	1
	458	28	186	56	60	205	38	806	77	278	131	129	53	X	93	X	3	364	16	900	X	212	18	102	9	36	X	25	48	84	8	64	X
	379	81	183	139	38	528	148	468	223	416	170	149	127	2	235	X	17	298	14	528	X	176	19	238	15	113	X	55	100	64	37	91	X
	8	1	2	3	X	7	2	11	5	15	3	X	4	X	4	X	1	13	X	X	X	4	X	X	X	1	X	X	X	X	X	X	X
	499	164	222	172	63	493	154	520	281	542	275	208	185	X	249	X	16	488	13	662	X	290	31	276	21	46	X	104	97	91	37	135	X
	305	30	107	40	67	185	44	353	49	198	100	81	38	1	77	X	5	289	10	487	X	159	18	93	8	34	X	34	32	41	11	55	X
	146	52	47	66	1	190	52	123	124	79	87	29	57	X	68	X	4	158	1	65	X	88	9	25	3	10	X	11	10	8	7	10	X
	210	262	145	237	60	355	334	140	414	251	169	74	193	1	170	X	68	256	24	278	X	132	21	282	64	92	X	79	137	70	60	75	X
	29	15	29	19	1	36	17	48	32	42	27	5	13	X	22	X	1	46	X	25	X	15	X	13	X	4	X	8	4	8	8	1	X
	557	57	235	54	94	213	45	797	49	296	146	144	42	X	93	X	8	441	8	1141	X	265	23	94	10	35	X	46	40	4	5	114	X
	405	81	163	102	40	380	130	539	123	278	197	141	145	2	153	X	12	322	9	479	1	168	21	181	8	40	X	56	71	3	23	78	X
	355	33	140	31	72	191	32	547	49	199	92	124	34	1	58	X	2	269	6	608	X	173	17	68	8	39	X	36	33	4	7	79	X
	286	122	142	122	40	260	127	248	172	328	162	68	96	X	129	X	26	262	2	349	X	120	15	147	12	34	X	44	52	10	29	64	X
	634	86	284	94	66	292	72	1034	140	438	207	205	73	X	123	X	2	586	10	1536	X	250	25	155	13	85	X	69	70	31	21	99	X
	287	89	112	111	36	434	141	297	168	208	169	127	123	X	214	X	18	208	4	279	X	127	12	126	7	68	X	41	38	2	31	32	1
	582	103	307	151	71	507	178	521	252	635	254	146	169	2	229	X	15	501	4	787	X	247	27	225	11	86	X	55	108	7	32	128	1
	548	55	235	80	63	300	60	826	104	342	147	161	64	3	108	X	4	504	7	1409	X	289	26	124	6	28	X	43	37	7	10	137	X
	665	68	246	102	30	389	65	1115	125	424	135	212	88	1	107	X	2	525	8	1769	X	213	18	146	3	79	X	53	101	96	8	141	1
	268	38	75	55	42	108	53	185	72	250	127	36	64	X	62	X	5	206	3	335	1	89	11	50	4	30	X	16	25	18	8	35	X
	253	36	111	55	34	122	58	181	72	205	112	65	50	X	79	X	6	222	1	285	1	83	14	78	4	X	X	19	30	1	9	34	X
	418	108	230	143	69	429	119	401	235	521	186	160	121	1	180	X	19	438	11	604	X	208	20	193	14	100	X	59	99	10	28	100	X
	550	53	242	88	51	357	74	848	119	474	174	124	77	1	120	X	6	508	23	1569	X	248	18	164	8	35	X	49	59	12	20	186	X
	234	41	63	63	43	176	79	319	78	221	141	81	75	X	102	X	7	237	4	349	1	117	11	86	8	39	X	21	34	23	15	55	X
	287	30	78	49	7	435	152	486	110	71	251	131	152	X	209	X	18	124	5	41	X	182	5	167	1	18	X	56	102	114	25	51	X
	157	6	10	48	1	1690	280	1943	114	5	122	575	221	X	426	X	16	152	12	16	X	371	1	624	2	143	X	142	162	292	71	158	X
	X	X	X	1	X	X	X	X	X	X	X	X	X	X	1	X	X	X	X	X	X	X	X	X	X	X	X	X	X	X	X	X	X
	375	43	180	61	49	208	38	503	94	320	126	117	49	1	75	X	7	346	7	740	X	179	22	107	4	47	X	37	47	15	11	79	X
	417	101	206	129	61	428	152	353	164	391	210	104	131	3	228	X	24	303	7	405	X	194	31	223	16	91	X	33	97	5	27	108	X
	195	140	162	166	37	324	162	131	237	227	165	85	155	1	125	X	56	158	2	210	X	147	16	132	31	74	X	55	87	3	44	54	1
	160	39	55	46	16	140	49	244	44	124	87	56	52	1	69	X	1	151	5	235	X	87	7	61	4	10	X	26	26	3	9	28	X
	343	49	151	77	63	198	76	278	81	276	156	77	53	2	126	X	11	278	1	396	X	156	16	90	3	21	X	31	42	5	21	33	X
	477	131	275	167	69	456	191	442	189	442	311	142	144	1	269	X	22	412	10	449	X	312	37	274	12	140	X	41	99	2	43	89	X
	313	65	139	80	40	249	58	260	90	273	129	38	63	X	121	X	5	229	11	381	2	134	17	101	11	X	X	28	67	4	18	41	X
	115	27	53	39	8	187	50	124	39	107	58	43	38	X	77	X	9	73	3	107	X	51	3	65	4	16	X	11	35	1	10	36	X
	549	60	213	42	77	243	81	1229	99	323	119	130	63	X	93	X	8	461	17	1210	X	274	29	126	8	31	X	46	37	64	13	74	X
	378	87	189	109	67	282	105	423	113	308	213	81	97	1	162	X	17	329	X	409	X	224	36	138	13	39	X	35	74	52	23	67	X
	X	1	2	1	X	2	X	2	X	X	X	X	1	X	X	X	X	1	X	1	X	X	X	X	X	X	X	X	X	X	X	X	X
	356	40	120	41	46	169	30	671	63	237	94	107	34	X	71	X	3	331	6	977	X	224	8	86	10	18	X	34	22	4	5	84	X
	311	98	198	177	22	514	228	294	193	368	243	83	214	1	242	X	33	292	3	212	X	173	15	168	14	35	X	56	171	8	61	50	X
	439	101	197	124	55	482	128	418	217	436	235	128	116	X	186	X	11	395	6	615	X	214	25	194	7	83	X	50	104	5	19	113	X
	313	66	175	131	7	248	97	215	160	331	236	27	148	1	128	X	17	287	1	81	X	187	6	79	2	34	X	34	71	11	13	30	X
	582	60	223	136	16	571	155	577	185	612	341	44	150	X	215	X	8	395	3	173	X	264	12	199	5	91	X	57	120	14	29	53	X
	392	52	106	90	13	690	172	924	132	245	287	134	170	1	266	X	19	244	5	109	1	261	6	240	5	43	X	78	163	16	47	168	X
	1	X	X	X	X	X	X	X	X	1	X	X	X	X	X	X	X	X	X	X	X	X	X	X	X	X	X	X	X	X	X	X	X
	605	73	280	98	82	460	110	847	142	507	183	123	114	X	169	X	4	542	14	1212	X	280	25	186	16	89	X	70	92	18	19	153	X
	103	49	74	50	3	156	72	141	68	117	83	28	79	X	55	X	4	107	X	84	X	96	3	36	3	15	X	18	29	2	19	12	X
	552	29	204	76	99	229	73	756	90	331	150	76	61	1	104	X	3	441	6	954	X	270	30	118	12	38	X	52	48	8	9	109	X
	639	51	289	80	44	230	50	895	97	438	152	167	54	1	106	X	1	515	18	1413	X	306	27	134	7	41	X	57	56	11	3	84	X
	584	65	280	99	95	421	62	836	148	471	165	198	87	X	140	X	12	543	21	1288	1	320	33	161	13	102	X	51	79	5	15	88	X
	536	59	166	77	93	350	82	1043	164	560	172	230	164	1	143	X	14	404	21	1097	X	274	34	183	14	100	X	61	107	60	26	162	X
	326	63	175	107	46	353	111	356	142	330	179	73	94	X	157	X	8	257	7	466	1	191	24	149	7	62	X	36	54	1	14	67	X
	385	62	183	88	56	214	75	348	110	302	194	68	79	X	107	X	4	286	7	436	X	187	12	118	8	65	X	35	63	5	15	71	X
	43	6	13	24	X	329	42	306	20	27	49	123	34	X	66	X	X	100	4	183	X	48	7	65	X	17	X	28	34	7	9	44	X
	177	76	90	88	16	125	71	114	100	183	100	41	64	1	77	X	26	124	3	133	X	83	8	88	7	35	X	25	46	6	21	20	X
	292	69	128	89	29	419	141	324	111	279	164	93	105	X	207	X	12	192	4	343	X	139	8	162	6	68	X	19	75	42	23	59	X
	589	73	255	71	69	492	97	1214	184	582	143	283	127	1	135	X	7	382	11	1115	X	307	34	192	8	1	X	53	57	4	24	194	X
	895	85	402	120	104	542	116	1459	150	633	269	122	104	1	218	X	7	701	31	2101	X	439	45	242	25	120	X	116	128	50	22	217	X
	351	57	174	79	58	216	67	343	97	295	160	103	67	X	130	X	5	302	10	439	X	173	17	147	6	62	X	24	55	55	20	58	X
	203	36	102	42	35	108	42	164	46	205	90	25	43	X	75	X	11	173	2	216	X	95	11	34	3	20	X	15	26	X	3	26	X
	437	33	224	50	70	202	48	784	81	255	119	136	38	X	91	X	4	354	10	999	X	228	17	95	5	38	X	25	55	83	11	81	X
	331	60	165	85	20	248	60	246	98	299	129	82	91	1	103	X	12	242	6	416	X	124	43	99	7	61	X	40	64	4	21	58	X
	329	184	158	229	31	475	253	241	220	386	238	73	262	X	193	X	43	256	2	330	X	191	18	236	20	58	X	91	146	5	54	74	X
	749	76	289	113	67	424	106	1036	149	499	187	275	83	X	155	X	9	679	20	1787	1	321	19	216	17	94	X	67	56	15	21	138	X
	645	73	259	86	65	421	92	838	144	499	197	157	107	2	227	X	10	621	X	1167	2	382	25	208	10	104	X	54	71	7	18	140	1
	343	106	169	130	36	656	210	362	200	391	220	84	153	1	286	X	18	307	4	408	X	190	21	298	16	58	X	77	175	8	39	93	X
	697	82	280	83	74	411	95	988	151	466	176	134	79	2	166	X	9	602	16	1514	X	323	27	189	16	47	X	88	96	7	17	107	1
	75	29	29	36	2	445	48	178	17	95	49	91	61	X	95	X	X	102	3	44	X	43	2	111	1	21	X	52	63	44	20	143	X
	179	46	86	56	22	135	50	114	84	185	92	42	47	X	70	X	16	139	4	185	2	106	14	73	9	28	X	17	32	3	6	17	X
	575	75	124	71	40	303	52	809	90	423	160	190	79	X	106	X	4	535	19	1321	1	286	20	141	5	53	X	56	73	85	21	134	X
	30	5	7	11	1	18	7	15	10	18	11	5	13	X	9	X	1	24	X	16	X	12	5	5	X	1	X	2	3	1	X	2	X
	53	9	21	12	X	55	20	58	24	35	22	4	18	X	27	X	X	32	X	22	X	51	5	13	X	8	X	4	6	9	3	X	X
	468	80	246	108	64	366	91	673	168	466	156	125	84	X	189	X	10	513	19	992	X	258	40	175	12	35	X	58	73	74	12	99	X
	274	31	108	37	37	175	70	359	65	157	76	77	49	X	85	X	1	232	8	484	X	134	9	101	8	30	X	28	18	41	5	61	X
	8	1	X	3	X	4	2	2	3	3	4	1	3	X	1	X	X	2	X	1	X	2	X	X	X	X	X	1	2	2	X	3	X
	573	48	233	59	69	354	91	1437	109	503	120	282	96	1	95	X	12	364	9	1083	X	305	32	174	7	45	X	46	58	X	14	140	X
	147	8	6	23	1	752	156	1032	11	13	67	252	79	X	255	X	7	4	4	3	X	204	2	327	1	88	X	84	112	21	55	135	X
	690	60	153	110	22	666	178	1172	140	309	194	311	142	2	261	X	4	571	20	801	1	260	27	311	6	137	X	132	98	16	38	214	X
	927	162	522	248	63	1173	333	1468	278	1044	717	217	232	2	413	X	23	902	9	603	X	567	44	334	9	66	X	70	164	28	63	189	X
	10	3	6	8	X	11	4	5	7	1	10	X	1	X	2	X	2	4	X	2	X	5	X	6	X	X	X	X	1	1	X	1	X
	16	3	4	3	1	12	6	8	3	5	7	3	7	X	3	X	X	4	X	8	X	3	X	4	X	2	X	4	X	X	2	X	X
	708	68	299	105	81	357	63	970	141	525	161	204	79	1	134	X	2	638	23	2084	X	288	23	175	7	61	X	55	73	133	17	165	X
	247	44	105	49	34	126	57	155	70	205	105	32	50	X	76	X	11	193	4	213	X	94	10	72	8	32	X	28	33	1	15	30	X
	207	48	88	68	28	298	79	221	85	190	111	38	85	X	137	X	13	178	10	222	X	118	12	114	10	X	X	43	51	2	17	80	X
	375	54	152	63	46	223	58	494	90	287	98	116	45	1	119	X	1	308	4	681	X	197	14	96	6	46	X	35	35	19	5	75	X
	468	100	216	108	54	545	146	474	165	444	232	132	146	X	223	X	23	387	13	704	X	252	28	203	13	115	X	79	109	12	21	100	X
	565	77	265	98	27	373	71	806	151	487	199	201	103	X	136	X	8	512	8	798	X	201	11	166	3	66	X	79	70	3	23	128	X
	477	68	182	70	44	400	132	481	127	306	224	97	92	1	161	X	19	345	6	551	X	216	40	187	18	84	X	43	96	112	28	94	X
	459	58	210	75	23	329	76	455	99	386	201	93	94	2	144	X	7	350	3	662	1	184	22	118	3	47	X	41	66	1	24	90	X
	326	16	142	27	39	119	39	435	52	187	98	96	29	X	53	X	2	252	15	782	1	153	19	61	X	10	X	24	32	4	13	68	X
	217	132	74	186	27	319	140	154	269	265	171	73	185	X	125	X	44	200	2	221	X	118	23	141	21	56	X	56	91	14	41	60	X
	612	127	260	198	48	801	228	511	326	439	319	196	248	1	265	X	20	466	11	539	X	278	17	302	10	138	X	86	172	7	51	128	X
	X	X	2	1	X	X	X	X	X	X	X	1	1	X	X	X	X	X	X	X	X	X	X	X	X	X	X	X	X	X	X	X	X
	457	46	170	56	49	228	53	758	47	302	124	116	43	X	75	X	2	374	8	963	X	208	16	97	3	18	X	44	31	3	12	72	X
	397	86	182	93	46	322	125	380	135	375	193	68	111	1	144	X	17	349	6	480	X	162	20	154	5	84	X	58	66	15	22	79	2
	587	129	245	165	49	781	200	717	276	645	264	77	194	1	280	X	17	442	7	757	1	288	34	307	9	139	X	87	155	5	27	150	X
	948	217	521	383	37	1488	510	1083	425	1004	834	113	569	1	528	X	39	921	10	393	X	754	19	503	11	178	X	118	216	5	147	101	X
