Sample_idx1_idx2	DermGT_01	DermGT_05	DermGT_06	DermGT_10	DermGT_13	DermGT_15	DermGT_18	DermGT_22	DermGT_39	DermGT_43	DermGT_48	GT_14-5	GT_A1	GT_A6	GT_B116	GT_C102	GT_Cc1G02	GT_Cc5C08	GT_Cc5F01	GT_Cc5H07	GT_Cm3	GT_D1	GT_D115	GT_D8	GT_LB123	GT_LB133	GT_LB141	GT_LB142	GT_LB143	GT_LB145	GT_LB158	GT_Or2	GT_Or7	
	147	109	139	117	6	182	99	134	166	131	104	30	177	134	113	X	48	154	6	54	31	113	32	34	4	22	X	25	25	2	23	17	33
	311	102	200	182	23	518	228	294	199	369	243	86	225	249	242	X	37	296	3	215	331	189	59	170	14	66	X	59	173	11	62	51	119
	461	58	212	77	26	335	77	458	99	387	202	101	97	193	145	X	14	352	10	665	743	190	89	120	5	48	X	44	66	7	25	97	214
	658	56	283	91	141	363	60	1084	95	400	189	220	67	222	117	X	7	510	27	1211	761	394	149	136	18	97	X	70	71	9	13	140	257
	603	136	258	178	49	797	201	721	278	649	264	104	204	323	281	X	21	449	8	769	617	305	121	311	11	140	X	91	159	5	29	167	303
	887	259	479	366	70	896	398	721	439	982	609	95	409	485	388	X	57	749	13	440	579	558	119	351	8	145	X	108	172	121	71	89	170
	995	95	403	146	85	493	93	1512	144	692	264	326	115	296	194	X	7	901	26	2165	1214	503	175	231	10	82	X	101	124	142	27	220	328
	883	184	406	225	103	882	253	880	311	809	392	227	262	451	343	X	46	742	24	1255	896	489	229	357	23	194	X	123	162	22	41	189	292
	512	294	262	577	100	572	461	504	526	456	246	170	262	455	256	X	115	492	41	790	406	613	172	393	81	129	X	115	159	117	70	144	198
	241	22	89	38	32	100	16	370	42	156	62	54	17	76	31	X	5	211	10	509	338	102	34	43	3	28	X	22	21	33	4	28	86
	27	5	4	11	X	33	11	32	25	11	22	4	17	9	13	X	7	14	X	9	2	15	4	11	3	2	X	3	2	X	X	X	5
	222	133	135	207	29	337	149	155	275	273	172	78	199	181	125	X	88	204	7	228	212	140	82	143	22	59	X	69	92	18	45	67	115
	46	7	22	25	11	92	13	28	42	41	18	17	14	18	9	X	20	38	1	49	32	17	10	10	12	8	X	7	7	3	2	7	11
	979	159	585	286	70	903	285	1107	369	1070	656	60	308	454	374	X	29	850	10	600	495	702	144	311	22	96	X	100	161	6	41	121	252
	361	57	181	95	61	230	67	346	101	298	162	112	74	152	130	X	6	302	12	450	368	182	90	150	9	66	X	26	57	58	23	60	132
	335	63	177	119	46	398	111	360	146	337	179	80	100	183	157	X	20	262	12	477	336	200	102	150	10	65	X	39	55	8	16	79	140
	691	74	301	124	66	450	87	910	163	512	171	217	112	262	156	X	13	645	26	1652	841	279	144	220	10	78	X	66	91	19	30	153	237
	560	57	240	60	98	222	45	804	51	301	146	152	43	211	93	X	11	449	20	1153	786	273	100	94	12	66	X	53	40	5	5	116	208
	1115	133	385	243	108	1305	343	1424	353	789	497	462	318	742	688	X	38	539	26	917	809	489	255	638	46	217	X	160	284	29	101	365	412
	289	30	78	52	7	435	152	487	110	71	251	135	158	267	209	X	18	126	5	41	509	185	18	168	1	39	X	58	102	116	25	51	151
	4	X	1	2	X	5	1	2	2	1	3	3	X	2	4	X	6	4	X	2	6	X	1	3	X	X	X	1	1	X	X	X	4
	13	X	2	6	X	10	6	5	4	8	5	2	8	3	4	X	9	9	X	X	3	4	X	1	X	5	X	1	3	X	1	X	1
	409	44	133	58	45	162	60	505	86	176	103	134	48	142	66	X	6	363	18	854	350	236	97	99	7	43	X	31	36	92	15	52	154
	387	48	143	105	36	376	105	567	141	258	147	125	107	232	170	X	11	262	13	498	403	176	80	151	7	51	X	58	86	56	31	79	169
	587	62	224	136	19	577	155	577	186	614	341	55	159	205	215	X	9	396	4	181	299	269	53	203	5	92	X	63	120	17	33	56	122
	643	51	292	86	46	235	50	897	99	441	159	171	55	181	108	X	3	522	20	1437	705	315	105	136	7	43	X	58	56	13	3	90	225
	10	2	1	X	X	10	X	11	1	4	3	1	3	3	8	X	7	4	X	2	3	3	X	4	X	X	X	X	2	X	1	1	2
	2	1	1	X	1	14	4	6	1	1	1	1	1	6	3	X	13	X	X	X	3	1	X	3	X	1	X	2	6	X	2	1	X
	677	62	289	85	64	339	67	994	128	470	165	202	88	209	125	X	8	560	21	1609	766	338	117	175	7	88	X	77	81	13	12	133	290
	755	157	375	209	118	558	206	763	240	681	376	154	204	407	283	X	48	624	22	900	673	415	201	281	29	145	X	86	116	116	38	132	293
	X	X	X	X	X	1	X	X	1	X	X	1	X	1	1	X	X	1	X	1	1	1	X	1	X	X	X	X	X	X	X	X	X
	106	49	75	56	3	159	72	142	69	121	84	32	84	72	55	X	8	108	X	86	39	99	21	37	3	37	X	18	29	3	20	15	46
	311	31	111	49	72	199	46	354	58	205	100	87	39	131	77	X	8	293	11	493	300	169	87	94	9	35	X	36	32	43	11	56	110
	630	72	277	106	90	369	77	734	152	449	180	178	94	265	176	X	11	514	15	1145	869	252	158	159	27	109	X	64	71	14	22	138	271
	655	104	338	132	48	484	159	595	246	614	253	88	159	313	246	X	17	487	13	771	786	289	127	233	14	121	X	62	116	13	30	134	277
	724	192	398	258	22	753	268	648	310	817	611	98	279	405	343	X	30	542	8	280	437	425	84	276	9	112	X	80	113	79	58	99	202
	696	52	265	108	62	319	61	1073	105	511	184	244	67	151	127	X	11	527	21	1657	638	342	94	153	9	75	X	79	72	87	17	144	251
	434	87	228	125	64	388	131	325	196	384	194	69	144	238	148	X	25	367	7	543	446	167	119	163	19	80	X	41	72	35	20	71	147
	1074	113	436	223	111	902	153	1435	296	858	313	367	156	449	280	X	29	904	40	2489	1106	535	183	337	20	138	X	165	164	24	46	289	388
	316	65	145	86	43	263	59	265	98	286	129	44	68	136	121	X	14	232	14	387	263	147	78	104	14	52	X	29	67	4	18	44	120
	776	184	320	275	77	888	333	699	407	545	378	173	259	419	324	X	65	580	17	822	524	390	229	371	40	168	X	106	197	208	78	178	213
	584	48	249	74	72	362	92	1442	115	519	122	295	100	345	95	X	13	367	24	1108	578	326	153	178	9	86	X	55	58	7	15	145	240
	421	92	223	116	57	280	103	353	158	412	192	105	88	187	148	X	40	390	7	558	508	171	89	126	19	88	X	50	57	10	27	77	158
	310	86	102	107	25	685	158	401	124	305	153	94	124	249	259	X	27	227	7	369	295	146	86	218	7	79	X	77	75	10	37	127	124
	958	219	523	395	39	1491	511	1087	427	1010	836	123	588	688	531	X	44	931	10	400	500	779	117	511	12	181	X	126	217	6	152	105	266
	186	151	92	200	27	199	134	106	187	233	120	43	166	105	87	X	50	167	17	171	121	112	52	155	12	49	X	49	41	5	46	56	65
	713	72	301	112	84	363	64	971	144	531	162	213	84	251	134	X	4	646	24	2110	1008	306	134	177	8	66	X	61	73	138	18	171	258
	690	53	284	119	50	361	68	889	118	485	161	150	77	258	137	X	3	583	27	1915	796	290	88	158	6	77	X	69	91	5	22	114	241
	1054	245	584	404	86	1813	400	1187	683	1170	577	131	565	768	559	X	37	892	18	1072	810	756	243	495	31	241	X	142	196	140	54	180	254
	563	29	215	84	100	244	74	766	93	340	154	88	64	197	105	X	4	446	14	975	511	301	128	121	13	67	X	58	48	8	9	109	222
	568	78	270	101	28	373	71	813	152	488	200	215	107	217	137	X	9	516	14	811	652	208	48	167	4	66	X	85	70	6	23	133	250
	687	81	325	89	83	330	84	883	142	483	211	157	93	210	135	X	6	600	24	1355	716	288	139	172	12	102	X	69	84	6	16	116	215
	503	101	241	162	72	367	154	274	202	501	261	69	135	261	170	X	51	449	9	549	680	226	139	191	25	74	X	61	60	43	39	61	137
	321	66	176	135	7	251	98	216	161	340	241	30	152	191	128	X	25	288	1	86	136	192	28	82	2	36	X	38	71	11	13	34	73
	416	79	223	114	58	327	109	428	136	399	193	97	91	184	159	X	15	326	10	572	428	225	101	142	12	73	X	59	60	7	17	69	168
	929	158	497	268	158	722	188	1144	340	906	324	330	189	378	287	X	38	924	35	1794	1067	517	257	314	35	144	X	103	148	18	37	220	365
	182	46	90	70	24	146	52	114	93	193	93	47	49	71	70	X	19	139	8	188	170	115	67	73	9	30	X	17	32	4	8	22	56
	517	179	252	182	61	411	160	386	259	536	274	138	180	264	204	X	67	468	13	564	576	255	130	214	19	115	X	63	117	23	47	77	206
	1027	207	511	325	144	1031	307	947	482	1077	489	291	311	564	416	X	43	904	23	1433	1382	501	276	425	22	172	X	120	214	27	56	256	457
	635	171	298	226	110	514	207	528	265	629	319	155	158	320	255	X	56	548	21	770	742	304	182	245	20	118	X	78	95	15	51	107	236
	321	88	153	103	59	410	113	287	180	356	190	120	117	208	177	X	18	274	12	405	289	213	106	177	18	78	X	36	53	7	19	88	131
	378	44	187	69	50	223	38	505	97	331	126	124	51	187	75	X	7	350	11	754	485	188	85	109	9	48	X	38	48	16	11	81	144
	757	77	305	129	70	430	106	1044	150	525	189	282	89	310	156	X	9	688	23	1800	923	342	144	216	22	94	X	73	57	23	21	147	281
	293	14	126	41	42	136	27	437	49	180	89	75	32	126	52	X	1	257	3	589	365	145	50	74	2	35	X	31	24	39	7	66	115
	676	69	256	106	31	394	65	1119	127	427	136	218	90	247	107	X	4	531	13	1787	921	218	76	146	3	84	X	57	102	98	9	150	278
	65	39	47	42	4	47	28	60	78	60	79	18	66	50	28	X	12	72	3	55	18	58	19	22	2	8	X	12	10	X	5	3	14
	811	247	403	275	58	773	288	722	355	716	494	243	327	477	377	X	34	767	12	604	868	427	121	397	14	184	X	111	210	8	77	155	328
	635	118	322	190	83	473	186	496	251	625	289	159	166	332	250	X	30	522	15	729	597	290	161	246	19	118	X	56	77	15	40	97	228
	698	62	230	132	30	1209	256	1969	102	348	282	518	197	573	423	X	21	410	13	368	943	471	52	515	4	166	X	152	187	57	86	277	355
	692	62	154	121	24	672	178	1178	142	316	194	324	146	363	261	X	6	579	20	810	731	266	123	314	7	138	X	139	98	16	40	220	272
	1396	144	558	211	159	748	179	1899	252	1000	407	366	221	494	362	X	25	1295	30	2801	1638	794	277	360	28	182	X	118	151	35	31	315	505
	674	120	332	190	113	439	178	519	242	609	315	136	169	309	246	X	45	560	14	795	764	295	192	211	26	90	X	72	110	10	26	123	237
	880	61	357	117	114	380	97	1268	141	569	279	274	85	280	181	X	14	749	27	2124	1063	442	193	203	7	80	X	81	80	10	29	187	294
	620	58	337	90	66	327	69	905	125	451	160	195	90	221	97	X	6	529	23	1765	910	251	116	128	12	48	X	70	42	16	17	133	240
	603	68	230	104	33	703	96	1153	93	416	177	246	131	239	179	X	4	519	19	1274	677	292	53	216	7	98	X	102	106	119	36	255	283
	307	158	197	216	23	477	239	229	283	370	277	23	206	260	259	X	88	205	7	305	317	206	75	160	24	58	X	81	130	21	44	115	110
	525	42	254	88	80	285	50	913	94	325	122	132	55	190	101	X	4	432	12	1165	636	306	102	115	8	61	X	50	63	25	13	115	194
	453	212	214	298	40	680	306	366	271	506	298	125	317	327	271	X	77	333	10	445	420	271	130	306	24	163	X	110	183	8	67	119	203
	1598	196	632	331	188	1157	235	2024	422	1222	440	425	263	725	439	X	24	1329	41	3072	2005	746	332	487	32	265	X	244	200	202	48	387	623
	444	107	247	157	68	549	192	465	195	472	229	154	137	283	242	X	27	335	9	586	469	293	140	204	13	87	X	54	119	10	34	78	179
	399	89	241	123	75	233	105	306	153	375	186	68	125	207	136	X	33	348	9	471	503	190	95	118	19	46	X	51	58	10	28	68	159
	401	86	187	109	47	338	126	383	144	382	194	72	115	212	144	X	23	349	10	487	444	175	91	157	9	84	X	60	67	18	24	80	143
	702	144	363	241	108	621	171	597	263	730	383	160	197	372	289	X	40	639	22	897	856	414	204	292	35	173	X	113	152	13	39	161	278
	479	127	250	184	68	534	194	423	257	565	237	148	148	306	261	X	31	372	15	633	474	330	154	247	21	126	X	73	97	75	28	135	199
	161	6	10	56	1	1697	280	1948	115	7	122	594	225	552	426	X	22	153	13	16	603	374	21	626	2	145	X	153	167	295	72	178	260
	371	24	133	61	72	174	41	428	51	189	75	112	42	101	58	X	8	247	11	558	348	164	75	71	11	32	X	25	25	21	7	55	127
	848	177	417	283	138	796	262	734	298	716	412	216	249	379	377	X	56	581	19	846	703	447	245	383	37	185	X	63	165	13	49	202	337
	238	41	138	70	43	183	80	319	83	226	142	83	77	161	103	X	9	241	6	353	382	124	60	89	8	40	X	23	34	31	17	58	88
	9	X	3	4	X	8	5	3	2	X	4	X	7	4	5	X	6	3	1	3	X	6	X	5	2	X	X	1	X	X	X	3	4
	469	151	339	154	83	613	225	802	258	532	294	277	226	420	202	X	38	451	15	722	393	337	195	283	17	132	X	80	80	15	39	113	239
	1404	169	589	238	207	1016	207	1712	333	922	411	443	201	516	381	X	24	1102	57	2613	1529	708	347	449	47	222	X	135	150	10	44	241	483
	851	74	348	119	103	379	105	1274	159	468	213	277	86	315	171	X	15	657	38	2043	697	371	177	185	21	72	X	79	74	18	27	178	273
	1365	126	620	231	157	809	186	2068	273	1004	373	272	205	463	318	X	16	1157	51	3273	1852	631	235	346	35	166	X	150	159	42	39	319	533
	1670	257	769	369	215	1101	301	2398	507	1347	586	474	278	737	517	X	29	1633	67	3517	1664	854	457	562	42	249	X	192	217	182	63	327	610
	1588	151	733	250	186	932	195	2401	300	1112	454	242	201	665	359	X	21	1328	57	3824	2015	817	322	398	40	185	X	177	195	82	35	353	571
	1498	287	532	433	136	2551	675	1863	471	1264	931	577	460	1211	1147	X	71	831	18	1649	1091	763	379	928	29	398	X	195	407	253	140	441	648
	396	52	106	98	13	692	173	929	133	247	290	149	174	277	266	X	19	244	13	109	516	267	35	244	6	76	X	79	164	17	50	171	234
	211	48	91	81	30	305	83	222	89	195	112	46	92	148	137	X	15	182	10	228	223	127	68	118	12	74	X	45	52	2	20	81	84
	30	5	8	12	1	22	7	15	12	18	11	6	16	17	10	X	12	24	X	16	8	12	8	5	X	1	X	2	3	1	X	2	4
	559	57	246	95	55	367	75	855	122	480	174	137	79	257	120	X	6	511	23	1600	869	257	112	165	8	77	X	51	61	14	21	195	249
	366	68	177	100	64	202	88	359	130	318	195	101	80	167	123	X	16	301	16	495	375	188	103	129	18	54	X	46	57	7	18	63	127
	291	90	114	131	37	445	143	297	174	216	172	129	127	221	214	X	20	209	10	285	283	147	95	127	7	68	X	44	38	2	31	40	87
	415	37	146	56	7	353	77	564	41	304	145	225	49	93	75	X	1	308	5	470	530	120	23	139	X	71	X	48	54	41	17	179	199
	101	30	34	24	2	120	41	99	51	64	54	17	36	44	31	X	8	64	X	43	15	74	13	24	2	17	X	17	14	X	7	12	16
	141	18	73	18	27	97	14	155	24	92	43	39	15	59	41	X	4	122	5	273	144	65	37	37	7	23	X	16	13	6	5	22	76
	483	43	193	41	66	272	66	1119	88	326	136	241	72	245	75	X	3	334	13	1044	428	259	141	133	7	60	X	47	28	63	16	80	195
	481	88	247	126	82	331	124	434	180	436	201	87	110	230	158	X	28	428	14	577	461	275	136	138	12	87	X	37	74	6	22	83	175
	854	87	304	169	102	1283	202	1378	182	489	263	399	262	593	475	X	32	620	25	1313	1260	711	145	467	19	189	X	185	277	7	75	174	439
	16	3	4	3	1	13	6	8	4	5	8	3	8	8	3	X	4	4	X	9	3	3	1	4	X	3	X	4	X	X	2	X	2
	335	42	128	79	24	323	90	427	102	177	142	101	74	191	130	X	11	192	5	402	367	137	70	136	4	47	X	37	88	5	19	64	137
	1092	126	445	173	119	567	136	1449	214	758	251	327	118	273	247	X	20	836	32	2200	1140	563	175	253	20	130	X	100	80	43	15	240	362
	590	73	228	79	4	431	59	446	94	238	154	154	115	152	108	X	3	294	7	617	345	65	27	73	4	66	X	59	37	51	19	155	319
	520	69	245	127	79	320	124	509	144	507	226	105	129	269	151	X	20	431	16	704	702	243	100	167	14	73	X	59	91	52	23	83	193
	383	97	189	119	55	341	125	335	136	376	195	124	89	182	143	X	13	361	17	529	493	179	103	145	2	106	X	48	60	92	13	75	161
	747	48	294	127	36	533	84	1067	124	470	178	228	109	293	170	X	8	500	19	1750	1077	281	90	227	3	88	X	78	74	57	23	212	297
	25	10	9	11	X	27	9	17	22	11	17	5	9	12	7	X	9	17	X	12	4	16	2	10	X	5	X	6	6	X	4	5	3
	409	53	153	78	45	213	126	434	98	214	147	105	52	175	92	X	30	295	14	584	310	267	100	174	8	61	X	36	34	12	23	89	134
	947	163	545	260	65	1201	337	1469	283	1064	718	228	244	532	415	X	36	909	9	609	559	588	196	338	12	146	X	74	167	31	68	193	260
	443	83	170	112	35	511	137	530	157	392	199	112	139	266	236	X	14	310	9	616	640	213	109	198	13	73	X	55	99	15	38	118	221
	558	60	220	46	77	257	84	1234	105	332	119	137	67	269	93	X	9	465	18	1213	370	290	140	128	10	66	X	49	37	65	13	80	200
	587	62	213	72	74	355	77	762	129	427	157	219	63	188	146	X	5	482	27	1133	501	305	128	185	18	83	X	61	52	16	27	108	176
	31	9	14	10	1	51	12	23	11	18	19	5	10	17	21	X	10	15	X	11	5	20	5	9	X	8	X	1	4	1	4	4	13
	907	62	415	118	132	434	87	1595	160	542	253	276	100	275	184	X	13	725	27	1941	1043	466	161	203	17	79	X	52	104	169	20	149	340
	334	60	167	92	23	259	60	246	99	310	129	89	99	189	104	X	13	249	8	424	433	128	84	100	7	61	X	43	65	5	22	61	131
	209	66	99	103	22	530	160	266	152	153	136	97	93	188	224	X	13	169	4	307	226	122	78	157	4	111	X	60	89	2	42	107	121
	467	47	173	60	49	237	53	759	51	305	124	122	44	127	75	X	4	376	11	970	544	218	92	99	4	45	X	44	31	5	12	78	155
	442	116	188	143	78	302	143	360	173	350	225	125	131	206	213	X	25	318	15	412	451	223	144	157	19	60	X	46	118	10	32	84	172
	505	87	256	135	29	556	179	575	174	546	337	78	164	231	227	X	32	478	X	259	251	328	87	200	10	68	X	67	122	67	39	68	129
	583	139	425	319	32	1283	337	960	314	637	551	121	325	562	405	X	35	592	8	582	419	484	188	350	23	180	X	79	301	11	72	130	178
	148	52	48	66	1	194	53	124	125	80	88	31	58	54	69	X	13	160	2	67	13	91	25	26	3	10	X	14	10	9	7	12	17
	484	174	345	280	87	515	239	302	347	481	279	137	216	312	198	X	120	368	19	511	403	356	138	218	41	108	X	73	121	5	57	98	165
	698	119	370	166	92	426	156	564	200	643	335	151	181	340	216	X	32	546	21	942	706	305	162	206	22	98	X	53	84	73	25	102	259
	526	57	233	70	80	259	73	1184	117	306	121	229	80	244	84	X	7	399	12	959	411	284	135	105	7	51	X	45	27	17	16	104	180
	574	67	248	111	79	476	105	714	152	357	177	148	89	251	171	X	11	486	25	1156	576	289	127	184	11	60	X	63	67	75	35	123	201
	X	1	2	1	X	3	X	2	X	X	X	X	1	1	X	X	X	1	X	1	2	X	X	X	X	X	X	X	X	X	X	X	X
	212	36	62	49	1	161	35	162	80	133	96	31	83	80	69	X	6	155	X	66	21	105	21	26	2	22	X	19	18	7	6	11	33
	44	6	13	32	X	331	42	307	21	27	49	127	35	78	66	X	X	100	5	184	78	59	25	66	X	42	X	30	34	8	9	46	53
	8	1	X	3	X	6	2	2	3	3	4	1	3	1	1	X	X	3	1	2	2	2	1	X	X	X	X	1	2	2	X	3	1
	9	1	2	4	X	11	2	11	10	15	4	1	4	5	4	X	5	13	X	X	X	4	2	X	X	1	X	X	X	X	X	X	1
	576	120	221	155	59	532	180	785	171	409	285	206	209	314	226	X	23	477	16	730	978	263	138	244	14	122	X	88	99	8	32	113	285
	902	179	397	291	117	735	186	1082	410	732	339	246	236	493	322	X	43	761	28	1903	787	480	230	348	31	213	X	148	165	18	58	247	365
	482	132	276	177	74	466	192	447	194	463	318	145	156	241	269	X	31	414	14	453	476	327	130	279	14	142	X	44	102	2	43	93	169
	1251	161	609	323	44	1614	389	1722	376	1064	784	230	363	512	501	X	18	889	11	925	572	839	164	444	13	166	X	139	272	7	66	134	310
	29	8	14	9	2	43	17	38	44	15	27	4	19	14	12	X	17	23	2	26	8	31	3	8	1	5	X	4	5	1	1	5	6
	38	5	16	18	X	49	12	34	32	18	19	8	30	24	19	X	4	22	1	17	4	13	6	5	X	5	X	4	3	X	1	4	9
	142	16	46	31	42	116	15	166	33	86	49	38	21	59	32	X	10	116	6	199	165	86	37	24	5	13	X	10	17	2	5	30	47
	1332	142	527	220	93	955	197	1727	350	977	335	482	200	516	317	X	14	1087	37	2746	1651	524	210	433	20	180	X	168	167	221	39	354	495
	43	13	28	25	1	30	17	39	36	37	24	14	24	23	15	X	8	45	1	24	12	30	2	8	X	7	X	1	7	X	1	3	8
	451	26	154	46	68	176	34	605	66	225	101	127	37	138	63	X	6	313	16	717	505	206	71	82	6	49	X	40	36	11	7	68	155
	358	34	177	58	60	164	49	569	53	223	101	96	38	115	80	X	14	268	18	638	484	197	79	72	13	43	X	37	30	8	8	77	151
	29	15	29	19	1	39	17	48	34	44	27	6	14	30	22	X	3	46	X	26	11	16	1	13	X	4	X	8	4	8	8	1	13
	325	52	151	74	47	203	83	241	94	260	121	90	90	147	97	X	15	226	9	345	313	173	76	106	7	58	X	19	51	38	16	27	94
	910	95	361	130	113	489	92	1508	170	588	242	277	102	341	179	X	14	845	33	2437	1268	533	182	212	17	94	X	85	60	12	17	226	293
	29	10	16	13	1	15	1	25	15	35	23	2	10	15	15	X	6	32	1	14	17	14	6	14	X	5	X	3	3	X	6	3	8
	504	166	226	200	64	511	155	522	291	556	275	218	202	226	249	X	21	493	19	672	424	320	149	279	28	112	X	113	99	96	37	138	198
	1053	190	458	276	113	1087	308	1366	363	875	398	241	241	585	456	X	38	924	22	1946	1300	566	260	492	36	235	X	179	272	26	58	224	437
	612	129	270	209	48	803	229	513	328	458	319	206	260	447	266	X	22	469	11	545	633	295	102	306	11	143	X	94	174	10	57	134	226
	53	9	21	13	X	65	20	58	25	35	22	5	18	12	27	X	2	32	X	24	13	52	13	13	1	8	X	4	6	9	3	1	8
	552	105	250	157	71	672	178	560	234	523	263	260	122	252	230	X	26	479	15	791	523	300	155	276	23	150	X	100	115	69	37	175	217
	26	10	12	15	1	36	20	33	14	25	21	3	12	25	15	X	2	17	X	6	10	22	6	11	X	3	X	6	12	1	7	5	12
	387	62	188	104	57	233	76	350	116	308	195	74	83	148	107	X	10	289	10	439	371	202	85	118	12	65	X	35	63	8	15	74	141
	1103	118	642	181	207	693	150	1995	325	1065	328	469	318	637	246	X	25	775	31	2037	1533	588	246	334	35	187	X	117	193	117	49	291	536
	411	72	207	95	64	284	102	341	124	358	157	89	100	197	144	X	24	312	8	506	464	204	94	138	9	42	X	39	72	82	25	76	158
	551	99	252	129	45	395	132	499	160	408	233	159	143	264	190	X	18	410	11	655	706	242	124	176	12	82	X	62	83	104	26	72	212
	10	4	6	8	X	12	4	5	8	1	10	X	2	11	2	X	7	4	X	2	3	5	2	6	X	X	X	X	1	1	X	1	1
	502	149	270	213	75	477	158	338	285	486	260	98	190	304	237	X	79	380	26	484	428	272	170	215	37	83	X	72	126	4	52	86	164
	20	7	8	5	X	20	10	10	15	11	10	6	12	9	12	X	2	13	2	4	9	6	6	4	1	4	X	5	2	1	2	3	2
	1094	113	527	180	174	504	120	1563	248	759	304	304	147	396	209	X	11	1030	46	2941	1154	502	229	247	20	164	X	143	95	29	20	228	370
	388	81	188	161	38	543	153	474	229	421	171	157	131	269	235	X	23	305	16	541	388	199	129	242	18	113	X	63	102	69	38	96	183
	614	57	279	88	84	328	57	1004	115	362	161	135	61	240	125	X	7	578	25	1783	735	252	109	142	9	82	X	57	48	65	15	126	226
	674	76	263	111	68	461	114	1072	148	441	198	145	84	258	164	X	8	586	18	1701	707	312	141	199	12	99	X	64	67	8	19	171	253
	604	74	265	89	70	509	99	1218	186	592	144	298	132	407	135	X	9	395	11	1125	645	331	179	193	11	117	X	59	57	5	24	205	227
	1403	133	547	264	147	742	171	1952	245	971	388	431	204	517	288	X	14	1130	36	3346	1461	569	241	384	27	201	X	171	131	21	37	191	481
	586	85	281	163	49	546	131	511	223	505	217	108	152	266	199	X	18	437	4	661	637	246	111	250	12	121	X	55	108	62	25	120	216
	559	131	306	188	94	557	173	497	201	632	281	124	183	257	268	X	52	517	15	725	652	304	143	187	27	93	X	57	112	5	11	79	237
