Sample_idx1_idx2	DermGT_01	DermGT_05	DermGT_06	DermGT_10	DermGT_13	DermGT_15	DermGT_18	DermGT_22	DermGT_39	DermGT_43	DermGT_48	GT_14-5	GT_A1	GT_A6	GT_B116	GT_C102	GT_Cc1G02	GT_Cc5C08	GT_Cc5F01	GT_Cc5H07	GT_Cm3	GT_D1	GT_D115	GT_D8	GT_LB123	GT_LB133	GT_LB141	GT_LB142	GT_LB143	GT_LB145	GT_LB158	GT_Or2	GT_Or7	
216918	5	5	2	3	X	5	X	2	1	1	2	X	18	134	2	X	8	2	2	1	31	5	27	X	1	4	X	1	X	X	2	3	33
12491	X	4	2	5	1	4	X	X	6	1	X	3	11	248	X	X	4	4	X	3	331	16	44	2	X	31	X	3	2	3	1	1	119
37468	2	X	2	2	3	6	1	3	X	1	1	8	3	191	1	X	7	2	7	3	742	6	67	2	2	1	X	3	X	6	1	7	214
134108	12	1	11	27	8	32	4	5	9	10	2	8	6	220	2	X	2	5	11	20	761	21	113	1	3	2	X	6	X	5	1	6	257
102589	16	7	13	13	X	16	1	4	2	4	X	27	10	322	1	X	4	7	1	12	616	17	87	4	2	1	X	4	4	X	2	17	303
216904	5	1	13	26	2	13	2	3	8	22	4	6	21	484	1	X	7	10	1	11	579	28	88	5	X	5	X	10	1	2	10	2	169
26451	8	X	208	18	2	14	1	4	X	14	X	13	8	296	1	X	1	14	1	14	1213	14	140	7	2	X	X	7	1	4	X	5	328
76695	30	2	14	32	3	40	2	7	14	18	2	7	18	451	X	X	7	7	2	21	896	35	184	5	6	6	X	8	2	X	2	9	292
12527	28	1	9	303	3	42	57	5	47	48	1	19	20	454	1	X	46	4	9	28	406	347	142	10	9	7	X	8	4	6	5	8	198
32022	X	X	2	5	1	6	X	X	6	4	1	X	1	76	X	X	2	3	1	3	338	6	29	X	X	28	X	2	X	X	X	1	86
216929	1	1	X	X	X	12	X	X	3	X	1	X	X	9	X	X	7	1	X	2	2	X	4	X	1	X	X	X	X	X	X	X	5
62681	5	1	61	21	2	18	9	1	6	8	1	5	14	181	X	X	44	4	5	7	212	22	59	2	1	3	X	13	1	4	4	7	115
6797	X	X	3	13	X	68	X	X	29	1	X	7	2	18	X	X	19	2	X	5	32	1	10	X	9	X	X	X	X	X	1	3	11
216930	17	2	6	7	2	17	2	4	1	19	3	8	13	446	1	X	4	11	1	13	494	17	107	3	2	2	X	9	X	X	3	6	252
62737	10	X	7	16	3	14	X	3	4	3	2	9	7	152	X	X	1	X	2	11	368	9	73	3	3	4	X	2	2	3	3	2	132
37471	9	X	2	12	X	45	X	4	4	7	X	7	6	183	X	X	12	5	5	11	335	9	78	1	3	3	X	3	1	7	2	12	140
12494	17	X	4	17	4	13	1	7	2	11	1	11	6	262	X	X	3	7	3	8	841	17	121	3	X	42	X	2	1	1	X	5	237
134111	3	X	5	6	4	9	X	7	2	5	X	8	1	211	X	X	3	8	12	12	786	8	77	X	2	31	X	7	X	1	X	2	208
37412	10	1	5	27	2	21	4	5	7	13	4	20	11	740	1	X	9	7	1	19	809	43	199	14	2	11	X	13	4	6	2	13	412
12522	2	X	X	3	X	X	X	1	X	X	X	4	6	267	X	X	X	2	X	X	509	3	13	1	X	21	X	2	X	2	X	X	151
37469	1	X	X	X	X	4	X	X	X	X	X	2	X	2	X	X	6	1	X	2	6	X	1	X	X	X	X	X	X	X	X	X	4
216905	X	X	X	1	X	2	X	X	2	X	X	1	1	3	X	X	8	X	X	X	3	X	X	X	X	1	X	1	X	X	X	X	1
12490	4	X	4	12	X	7	3	X	2	5	2	6	6	142	X	X	X	3	1	14	350	13	77	2	2	4	X	7	2	2	1	2	154
37417	1	X	1	6	1	14	1	1	7	1	1	6	6	232	1	X	6	6	3	5	403	4	62	2	2	X	X	2	X	2	X	10	169
207745	5	2	1	X	3	6	X	X	1	2	X	11	9	205	X	X	1	1	1	8	299	5	41	4	X	1	X	6	X	3	4	3	122
134097	4	X	3	6	2	5	X	2	2	3	7	4	1	180	2	X	2	7	2	24	705	9	78	2	X	2	X	1	X	2	X	6	225
216919	X	X	X	X	X	1	X	X	1	X	X	X	X	3	X	X	7	X	X	X	3	X	X	X	X	X	X	X	X	X	X	X	2
12526	2	X	1	X	X	X	X	X	1	X	X	1	X	6	X	X	13	X	X	X	3	X	X	X	X	X	X	X	X	X	X	X	X
12488	16	3	4	4	X	12	1	7	1	7	1	12	6	209	X	X	1	3	8	23	766	12	99	2	2	1	X	4	X	2	1	6	290
62761	11	4	9	23	8	46	1	3	15	27	1	10	14	406	1	X	19	1	16	27	673	23	148	6	1	78	X	11	1	4	X	7	293
12495	X	X	X	X	X	X	X	X	X	X	X	X	X	1	X	X	X	X	X	1	1	1	X	X	X	X	X	X	X	X	X	X	X
216931	3	X	1	6	X	3	X	1	1	4	1	4	5	72	X	X	4	1	X	2	39	3	18	1	X	22	X	X	X	1	1	3	46
32023	6	1	4	9	5	14	2	1	9	7	X	6	1	130	X	X	3	4	1	6	300	10	69	1	1	1	X	2	X	2	X	1	110
134109	10	1	10	17	4	20	3	4	7	11	2	14	8	265	X	X	2	6	1	12	869	30	127	X	2	60	X	3	1	2	1	5	271
40945	9	1	2	4	X	8	2	1	2	11	1	9	9	312	1	X	4	8	5	4	785	8	106	2	1	4	X	9	2	1	3	11	277
210588	6	X	2	5	1	15	1	10	3	15	5	5	9	404	2	X	9	4	1	6	437	10	62	6	1	2	X	6	2	X	2	7	202
61468	3	1	7	6	2	10	1	X	X	8	2	8	3	149	1	X	2	4	3	12	637	14	73	1	X	43	X	9	X	1	2	4	251
62680	6	1	3	20	X	47	2	1	20	8	6	6	13	238	X	X	15	3	2	7	446	18	92	2	5	1	X	5	1	1	X	9	147
26450	14	2	10	33	5	11	3	7	7	16	X	17	7	445	X	X	5	23	14	57	1106	39	145	2	4	4	X	6	2	1	1	16	388
76713	3	X	6	6	3	14	1	5	8	13	X	6	5	136	X	X	9	3	3	6	261	13	61	3	3	52	X	1	X	X	X	3	120
76691	16	3	5	52	6	30	8	9	16	10	1	15	16	418	1	X	20	7	6	20	524	51	169	12	7	6	X	10	X	4	3	14	213
16888	11	X	16	15	3	8	1	5	6	16	2	13	4	344	X	X	1	3	15	25	578	21	121	4	2	41	X	9	X	7	1	5	240
62636	5	2	6	19	1	58	1	1	18	10	2	8	6	187	X	X	22	5	5	20	507	19	72	X	7	1	X	4	1	2	X	4	158
37422	6	X	X	14	1	10	2	1	4	3	X	6	9	246	X	X	7	X	2	3	294	12	67	X	X	2	X	1	X	1	1	6	124
216928	10	2	2	12	2	3	1	4	2	6	2	10	19	687	3	X	5	10	X	7	500	25	98	8	1	3	X	8	1	1	5	4	266
102616	2	2	2	21	X	8	7	1	13	4	X	2	15	104	X	X	36	1	6	6	121	17	40	2	3	1	X	5	X	2	1	21	65
12517	5	4	2	7	3	6	1	1	3	6	1	9	5	250	X	X	2	8	1	26	1008	18	111	2	1	5	X	6	X	5	1	6	258
12523	17	X	5	8	1	5	X	18	3	11	3	10	5	257	X	X	X	13	2	33	796	12	71	3	X	2	X	1	1	1	1	7	241
35352	24	5	4	54	4	26	8	11	19	17	14	19	21	764	3	X	7	42	X	42	810	58	194	4	7	134	X	8	5	X	2	16	253
6796	11	X	11	8	1	15	1	10	3	9	4	12	3	196	1	X	1	5	8	21	511	31	98	3	1	29	X	6	X	X	X	X	222
12493	3	1	5	3	1	X	X	7	1	1	1	14	4	217	1	X	1	4	6	13	652	7	37	1	1	X	X	6	X	3	X	5	250
12511	11	X	7	5	3	10	1	8	5	11	2	14	3	210	1	X	1	6	14	20	716	18	111	1	1	1	X	6	X	X	X	7	215
62630	5	X	8	19	1	55	4	2	16	9	X	2	5	259	X	X	28	5	6	9	679	20	117	2	5	1	X	5	3	1	1	4	137
216906	8	X	1	4	X	3	1	1	1	9	5	3	4	190	X	X	8	1	X	5	136	5	22	3	X	2	X	4	X	X	X	4	73
76715	7	1	5	15	4	18	2	1	2	10	1	5	7	184	X	X	3	5	5	4	428	7	78	1	X	42	X	4	X	X	3	3	168
12489	13	X	10	60	5	40	7	4	11	11	1	18	5	377	3	X	15	14	20	32	1067	56	213	2	9	3	X	11	1	2	1	22	365
12496	2	X	4	14	2	11	2	X	9	7	1	5	2	71	X	X	3	X	4	3	168	9	53	X	X	2	X	X	X	1	2	5	56
134070	6	5	3	16	5	29	1	1	10	11	1	6	10	260	1	X	24	3	2	13	576	13	101	4	3	3	X	3	1	3	1	4	206
76697	6	3	7	50	18	42	1	8	13	6	X	17	26	562	1	X	17	8	13	31	1382	40	224	6	4	3	X	15	2	15	5	15	456
102610	6	X	5	27	7	56	4	2	12	25	1	10	9	318	X	X	19	8	18	25	742	28	151	8	5	63	X	3	1	X	1	10	236
76709	5	X	1	19	4	20	4	4	7	7	1	10	6	207	X	X	6	9	2	10	289	27	85	2	1	1	X	3	3	X	3	5	131
40943	3	1	7	8	1	15	X	2	3	11	X	7	2	186	X	X	X	4	4	14	485	9	63	2	5	1	X	1	1	1	X	2	144
12525	8	1	16	16	3	6	X	8	1	26	2	7	6	310	1	X	X	9	3	13	922	21	125	X	5	X	X	6	1	8	X	9	281
134095	1	X	1	1	2	9	1	3	1	2	X	4	2	126	X	X	X	2	1	4	365	4	44	X	X	34	X	2	X	2	X	1	114
26456	11	1	10	4	1	5	X	4	2	3	1	6	2	246	X	X	2	6	5	18	921	5	58	X	X	5	X	4	1	2	1	9	277
216907	1	1	1	X	1	2	X	X	1	3	X	1	6	50	X	X	8	3	1	1	18	X	17	X	1	X	X	X	X	X	1	X	14
12514	15	1	1	12	1	6	X	2	2	16	2	12	13	475	2	X	4	6	2	6	868	16	97	3	1	9	X	10	1	1	3	10	328
62687	6	1	4	25	2	55	3	1	14	27	3	4	12	331	1	X	19	6	9	17	595	26	122	2	9	115	X	8	1	4	2	8	228
12520	4	X	4	11	1	3	X	10	X	4	1	18	9	572	1	X	X	3	4	4	943	8	44	9	X	3	X	6	3	5	2	10	355
32024	2	2	1	11	2	6	X	6	2	7	X	13	4	361	X	X	2	8	X	9	730	6	96	3	1	1	X	7	X	X	2	6	272
134113	14	X	25	23	4	22	2	5	6	25	2	23	13	492	1	X	4	18	29	62	1636	42	224	1	5	3	X	9	2	13	2	8	504
62787	3	2	7	26	6	29	3	2	14	21	1	10	4	306	X	X	24	1	11	7	763	27	154	4	1	60	X	3	1	2	1	11	237
26452	10	2	10	17	3	29	1	7	1	27	1	12	3	279	X	X	9	5	2	51	1062	26	143	X	1	49	X	11	2	1	1	2	294
12524	6	X	4	10	X	8	1	8	1	5	1	3	2	220	X	X	X	10	12	33	910	20	88	2	1	X	X	4	1	4	2	3	240
117103	5	X	2	2	X	5	1	4	2	10	X	7	5	239	1	X	1	1	3	10	677	9	39	2	1	66	X	10	X	5	2	6	282
12497	10	3	2	21	1	4	1	3	3	7	5	9	14	260	1	X	8	9	3	6	317	17	63	4	2	3	X	5	X	5	3	3	110
134059	7	X	11	8	2	14	X	4	1	1	1	9	2	190	X	X	X	4	7	20	636	15	79	4	2	2	X	4	X	4	X	2	194
32021	9	1	3	30	1	18	3	1	12	13	2	9	17	327	1	X	25	4	5	8	420	29	109	5	X	89	X	8	2	2	3	9	203
12492	45	6	615	49	3	15	5	12	11	28	4	32	17	724	3	X	1	33	X	62	2003	46	277	16	3	7	X	15	1	1	2	20	623
76693	9	2	6	20	2	17	5	3	4	5	X	9	7	282	1	X	8	7	X	12	469	30	79	3	2	3	X	5	1	7	1	7	179
62634	8	1	3	19	X	40	5	2	14	6	2	8	13	206	1	X	11	2	1	8	503	15	80	2	4	2	X	3	X	1	1	3	159
76711	4	X	5	16	1	16	1	3	9	7	1	4	4	211	X	X	6	X	4	7	444	13	71	3	4	X	X	2	1	3	2	1	141
62766	14	1	8	29	6	36	2	9	11	14	7	23	17	370	X	X	17	5	14	21	856	28	164	3	10	82	X	8	2	1	X	16	278
40942	7	4	5	27	2	11	4	1	9	4	1	9	5	306	1	X	5	9	6	11	474	25	120	3	2	80	X	3	X	3	2	11	199
12515	4	X	X	8	X	7	X	5	1	2	X	19	4	552	X	X	6	1	1	X	603	3	20	2	X	2	X	11	5	3	1	20	260
134061	3	X	1	18	2	19	1	X	3	4	X	2	X	101	X	X	3	3	4	14	347	14	61	1	2	1	X	1	X	2	X	5	127
62752	24	2	8	36	5	46	10	4	15	9	2	9	26	376	1	X	15	3	5	24	703	51	193	6	7	4	X	6	2	1	2	14	337
37467	4	X	75	7	X	7	1	X	5	5	1	2	2	161	1	X	2	4	2	4	381	7	49	3	X	1	X	2	X	8	2	3	88
216923	X	X	X	X	X	4	X	X	X	X	X	X	3	4	X	X	6	X	1	X	X	X	X	X	1	X	X	X	X	X	X	1	4
16883	9	X	X	21	X	17	1	2	2	9	X	10	12	419	1	X	9	3	10	9	393	24	153	8	4	67	X	9	1	2	1	8	239
12521	14	7	9	48	8	47	3	14	14	13	X	10	7	516	X	X	5	16	9	40	1528	56	280	4	5	5	X	12	3	4	2	17	482
6800	11	2	8	16	5	15	5	5	5	7	1	11	4	314	X	X	2	6	3	19	696	20	142	2	1	3	X	10	X	4	X	3	273
26457	38	5	9	30	8	27	4	9	4	22	1	37	11	462	2	X	1	24	25	52	1850	41	188	4	6	1	X	11	2	1	1	19	533
12509	19	6	13	58	8	41	4	7	15	35	4	30	16	736	1	X	9	24	14	44	1664	73	354	9	7	98	X	12	2	5	4	16	610
134074	22	X	15	23	6	29	1	12	5	23	1	40	12	663	X	X	4	17	3	16	2015	38	242	4	1	6	X	7	1	13	1	11	571
134112	29	10	12	68	9	21	14	10	11	34	4	37	15	1209	4	X	16	15	4	26	1091	74	308	9	5	6	X	14	8	4	7	26	647
12528	4	X	X	8	X	2	1	5	1	2	3	15	4	276	X	X	X	X	8	X	515	6	29	4	1	33	X	1	1	1	3	3	234
12482	4	X	3	13	2	7	4	1	4	5	1	8	7	148	X	X	2	4	X	6	223	9	56	4	2	74	X	2	1	X	3	1	84
216917	X	X	1	1	X	4	X	X	2	X	X	1	3	17	1	X	11	X	X	X	8	X	3	X	X	X	X	X	X	X	X	X	4
134055	9	4	4	7	4	10	1	7	3	6	X	13	2	256	X	X	X	3	X	31	869	9	94	1	X	42	X	2	2	2	1	9	249
61457	9	3	6	7	1	10	4	3	3	1	2	4	6	167	1	X	3	5	12	12	375	15	86	4	3	1	X	5	1	X	1	6	127
6805	4	1	2	20	1	11	2	X	6	8	3	2	4	221	X	X	2	1	6	6	283	20	83	1	X	X	X	3	X	X	X	8	86
117094	4	X	X	2	X	1	X	2	1	5	1	6	2	93	1	X	X	4	X	9	530	1	11	4	X	33	X	3	1	5	1	5	199
216926	1	X	3	1	X	2	X	1	2	X	X	2	1	44	1	X	4	X	X	2	15	1	10	1	X	11	X	5	X	X	X	X	16
134064	1	X	1	1	X	11	1	1	4	3	1	2	2	59	X	X	3	X	4	6	144	5	22	X	4	X	X	2	X	3	X	2	76
16886	4	1	3	6	1	13	3	2	5	12	X	10	3	245	X	X	1	5	2	16	428	11	116	3	2	1	X	5	X	4	X	3	195
62742	3	3	5	18	4	33	X	1	9	8	2	4	9	230	X	X	10	4	2	14	461	18	105	2	3	51	X	2	X	1	2	4	175
12500	5	3	12	21	3	12	3	19	3	11	2	13	10	592	1	X	1	6	1	15	1259	32	106	6	1	3	X	15	4	X	8	10	439
216912	X	X	X	X	X	1	X	X	1	X	1	X	1	8	X	X	4	X	X	1	3	X	1	X	X	1	X	X	X	X	X	X	2
37418	3	1	3	8	2	16	1	2	4	5	X	13	3	191	X	X	9	2	1	4	367	2	55	2	X	2	X	3	X	X	1	6	137
12519	20	X	8	29	7	18	5	6	9	16	X	21	5	272	1	X	15	12	16	29	1140	32	151	3	3	5	X	6	X	2	2	5	362
117088	4	X	7	2	X	3	1	3	1	4	2	14	9	152	X	X	2	3	X	7	345	4	24	X	X	X	X	3	2	1	1	2	319
6798	8	2	3	16	3	26	2	2	9	9	1	7	6	269	X	X	6	4	2	8	702	27	74	3	4	1	X	5	1	X	X	4	193
76701	3	1	4	7	X	16	X	1	4	4	2	5	7	182	X	X	7	1	3	8	493	13	78	1	X	2	X	4	X	2	1	7	161
32031	1	1	129	10	2	10	1	6	1	6	X	12	4	293	2	X	5	4	6	20	1077	13	72	2	X	1	X	6	1	3	1	15	297
216922	1	X	X	X	X	2	X	X	6	X	1	1	3	12	X	X	7	X	X	2	4	X	1	X	X	X	X	X	X	X	2	2	3
12505	11	1	2	16	2	22	2	1	7	6	1	10	1	175	X	X	23	2	11	13	310	27	81	3	3	29	X	3	X	2	X	12	133
178009	20	1	23	12	2	28	4	1	5	20	1	11	12	530	2	X	13	7	X	6	559	21	152	4	3	80	X	4	3	3	5	4	260
37466	6	1	7	4	X	10	X	5	3	9	X	7	8	265	X	X	5	6	3	4	640	12	91	3	X	3	X	3	X	1	1	11	221
16882	9	X	7	4	X	14	3	5	6	9	X	7	4	269	X	X	1	4	1	3	370	16	111	2	2	35	X	3	X	1	X	6	200
6801	13	2	5	5	4	6	2	4	5	11	1	11	5	188	X	X	X	2	3	22	501	17	108	2	2	3	X	5	1	2	X	4	176
216916	1	X	X	1	X	11	X	1	3	X	1	2	1	17	X	X	9	X	X	1	5	X	3	X	X	X	X	X	X	X	X	1	13
134098	12	1	5	12	2	27	1	5	2	9	3	11	9	275	X	X	6	7	1	42	1043	26	126	6	3	5	X	2	1	2	1	4	340
76705	3	X	2	7	3	11	X	X	1	11	X	7	8	188	1	X	1	7	2	8	433	4	41	1	X	X	X	3	1	1	1	3	131
12483	12	3	2	27	1	1	1	3	5	4	1	10	6	187	X	X	2	7	X	10	226	19	65	3	X	4	X	4	2	X	2	10	121
102682	10	1	3	4	X	9	X	1	4	3	X	6	1	127	X	X	2	2	3	7	544	10	76	2	1	27	X	X	X	2	X	6	155
37463	8	X	2	15	5	11	2	2	5	23	1	7	3	206	X	X	10	2	3	8	451	18	115	2	3	41	X	3	X	X	X	6	170
207730	7	1	13	6	1	8	1	1	2	11	6	3	18	231	1	X	6	1	X	3	250	11	44	3	X	43	X	5	1	5	2	6	129
178011	26	3	5	16	1	15	3	7	7	14	4	10	8	561	2	X	8	28	1	12	419	25	147	3	3	92	X	10	1	4	6	6	178
216927	2	X	1	X	X	4	1	1	1	1	1	2	1	54	1	X	9	2	1	2	13	3	16	1	X	X	X	3	X	1	X	2	17
62743	18	1	9	53	3	50	10	4	28	9	2	12	10	309	1	X	54	9	15	23	402	85	114	5	7	3	X	4	X	1	1	7	164
102605	5	1	180	13	3	46	3	2	9	17	2	8	12	340	X	X	10	2	3	27	705	22	129	2	5	4	X	5	2	2	1	2	259
16887	7	X	13	16	3	15	X	7	5	4	2	9	3	244	X	X	X	6	X	14	411	14	114	2	2	3	X	5	1	7	1	2	180
12486	12	5	8	13	2	8	3	9	6	4	1	12	2	250	1	X	2	8	17	14	576	25	93	2	1	X	X	3	X	X	4	6	201
117089	X	X	X	X	X	1	X	X	X	X	X	X	X	1	X	X	X	X	X	X	2	X	X	X	X	X	X	X	X	X	X	X	X
216913	3	X	2	X	X	1	X	X	3	1	X	1	9	80	1	X	2	1	X	1	21	3	20	X	X	12	X	2	X	1	X	X	33
32030	1	X	X	8	X	2	X	1	1	X	X	4	1	78	X	X	X	X	1	1	78	11	18	1	X	25	X	2	X	1	X	2	53
37465	X	X	X	X	X	2	X	X	X	X	X	X	X	1	X	X	X	1	1	1	2	X	1	X	X	X	X	X	X	X	X	X	1
216909	1	X	X	1	X	4	X	X	5	X	1	1	X	5	X	X	4	X	X	X	X	X	2	X	X	X	X	X	X	X	X	X	1
37419	11	X	3	7	3	12	1	2	4	7	1	9	12	311	4	X	10	4	2	16	977	8	110	2	2	72	X	6	2	2	X	7	285
6799	16	7	187	95	4	29	3	4	15	27	13	16	19	488	X	X	12	9	20	14	786	70	176	4	5	209	X	9	3	5	7	14	364
12504	5	1	1	10	5	10	1	5	5	21	7	3	12	240	X	X	9	2	4	4	476	15	93	5	2	2	X	3	3	X	X	4	169
178014	9	X	7	12	X	19	2	10	6	20	2	15	16	506	2	X	4	9	1	13	572	11	136	5	3	5	X	16	4	1	2	11	310
216921	2	X	1	1	X	3	X	X	8	1	X	X	3	14	X	X	16	X	2	4	8	X	3	X	1	X	X	X	X	X	X	2	6
216915	X	X	X	X	X	8	2	X	X	X	X	1	1	24	1	X	3	1	1	X	4	X	3	X	X	X	X	1	X	X	X	1	9
12502	3	X	1	9	3	32	X	1	9	3	X	2	X	59	1	X	6	2	X	2	165	12	32	X	2	7	X	X	X	X	X	3	47
61467	16	4	18	20	1	11	3	8	5	14	8	22	6	516	X	X	3	18	3	56	1650	54	165	3	2	4	X	11	2	25	1	20	495
216924	X	X	1	X	X	X	X	X	1	1	X	2	1	23	X	X	7	X	1	2	12	2	2	2	X	X	X	X	X	X	X	1	8
134087	8	X	X	8	1	12	X	12	9	2	1	9	2	138	X	X	2	1	2	9	505	6	58	X	X	2	X	5	X	1	X	3	155
134066	9	4	5	21	6	8	8	8	10	11	X	7	3	114	1	X	10	6	9	23	484	23	67	X	10	8	X	1	1	X	1	6	151
216910	X	X	X	X	X	3	X	X	2	2	X	1	1	30	X	X	2	X	X	1	11	1	1	X	X	X	X	X	X	X	X	X	13
76703	2	X	4	8	3	8	X	1	3	4	X	2	8	147	1	X	7	1	1	9	312	9	61	1	3	4	X	X	2	3	1	2	94
12480	6	X	6	9	4	20	2	11	3	9	1	9	4	338	X	X	7	10	20	51	1268	20	148	2	1	48	X	8	1	1	2	5	293
216908	1	X	X	X	X	7	X	X	1	X	X	X	2	15	1	X	6	X	1	1	17	X	3	X	X	X	X	2	X	X	X	1	8
12499	5	2	4	28	1	18	1	2	10	14	X	10	17	226	X	X	5	5	6	10	424	30	118	3	7	66	X	9	2	5	X	3	198
6802	13	2	9	63	3	20	3	16	12	18	2	23	9	582	4	X	11	15	2	24	1300	53	212	5	4	130	X	14	1	11	2	24	436
61464	X	2	10	11	X	2	1	2	2	19	X	10	12	446	1	X	2	3	X	6	633	17	85	4	1	5	X	8	2	3	6	6	226
216920	X	X	X	1	X	10	X	X	1	X	X	1	X	12	X	X	2	X	X	2	13	1	8	X	1	X	X	X	X	X	X	1	8
12485	10	2	5	41	3	29	2	X	4	22	3	11	9	252	1	X	18	7	2	17	522	29	123	2	2	68	X	4	X	7	X	9	217
216914	1	X	1	X	1	4	X	X	1	X	1	1	2	25	X	X	X	1	X	1	10	1	3	X	X	1	X	1	X	X	1	X	12
12503	2	X	5	16	1	19	1	2	6	6	1	6	4	148	X	X	6	3	3	3	371	15	73	X	4	X	X	X	X	3	X	3	141
16884	15	X	316	31	7	33	1	10	9	18	X	32	20	635	1	X	3	11	1	17	1532	48	185	4	4	5	X	7	2	2	2	16	536
76699	7	X	X	6	1	9	X	2	5	14	X	8	5	196	X	X	7	3	1	4	464	18	71	4	X	4	X	4	X	3	1	5	158
37464	5	X	3	6	2	14	X	4	3	5	X	4	5	264	X	X	4	3	2	4	706	16	100	1	1	52	X	1	X	1	X	3	212
216925	X	1	X	X	X	1	X	X	1	X	X	X	1	11	X	X	5	X	X	X	3	X	2	X	X	X	X	X	X	X	X	X	1
62622	12	1	8	48	5	78	4	4	32	24	1	21	14	303	X	X	37	5	8	17	428	34	132	4	9	9	X	7	1	X	1	7	164
216911	X	X	X	X	X	X	X	X	X	X	X	2	2	9	X	X	2	1	1	1	9	X	6	X	X	X	X	X	X	X	X	X	2
6803	11	1	15	21	7	26	3	4	4	14	4	19	7	394	1	X	3	21	29	16	1151	17	175	2	6	2	X	5	1	1	X	12	370
76707	9	X	5	22	X	15	5	6	6	5	1	8	4	267	X	X	6	7	2	13	388	23	110	4	3	X	X	8	2	5	1	5	183
26458	2	3	2	7	1	17	2	4	3	6	1	10	2	240	1	X	1	4	X	25	735	16	82	2	3	80	X	4	X	9	X	6	226
12484	9	X	16	16	4	10	2	1	2	12	2	24	8	257	X	X	X	15	X	8	707	18	104	3	X	2	X	4	X	X	X	11	253
16885	15	1	10	18	1	17	2	4	2	10	1	15	5	406	X	X	2	13	X	10	645	24	145	1	3	116	X	6	X	1	X	11	227
12481	18	3	8	32	4	22	2	10	5	6	X	21	9	516	X	X	3	13	1	23	1459	35	189	5	2	99	X	12	1	2	X	12	481
134101	5	X	4	9	1	9	1	3	4	5	1	8	6	266	X	X	X	8	X	11	637	13	86	6	X	2	X	5	4	1	1	4	216
62627	13	1	10	28	2	52	4	5	24	24	1	11	9	256	1	X	22	3	2	14	652	29	110	4	14	1	X	4	3	1	1	8	237
