Ind.ID origin.pop pred.pop CentralCA INDONESIA MALAYSIA PAPUA_NEW_GUINEA SOLOMON_ISLANDS
CentralCA_z0178009 CentralCA INDONESIA 0.0562729449105398 0.474688528663261 0.012119096488606 0.0810662153024038 0.375853214635189
CentralCA_z0210588 CentralCA INDONESIA 0.0681474063103861 0.481773398108017 0.00452103872496178 0.0491472168744403 0.396410939982195
INDONESIA_z0037419 INDONESIA INDONESIA 0.0601111689981803 0.481176966184339 0.00694262808830944 0.0597232424234143 0.392045994305757
INDONESIA_z0037463 INDONESIA INDONESIA 0.0849937351631028 0.476456880805358 0.00432182033802206 0.0537689641746852 0.380458599518832
INDONESIA_z0037464 INDONESIA INDONESIA 0.0544414816506676 0.481530443069977 0.00798183465303213 0.061707953786215 0.394338286840108
INDONESIA_z0062680 INDONESIA INDONESIA 0.0390086575157621 0.474551609838853 0.0171263347329408 0.0825394355270843 0.38677396238536
INDONESIA_z0062742 INDONESIA INDONESIA 0.0613607669145081 0.478950038242554 0.00818051298972594 0.0667372122397368 0.384771469613476
INDONESIA_z0076703 INDONESIA INDONESIA 0.0187607737909143 0.406544020604556 0.0939446522449049 0.161362979540066 0.319387573819558
INDONESIA_z0102605 INDONESIA INDONESIA 0.0742155703197852 0.467939540329685 0.0111514628010497 0.0892708767706908 0.357422549778789
INDONESIA_z0102616 INDONESIA INDONESIA 0.0350621940985074 0.486249786144137 0.00440578801003863 0.0341102915380501 0.440171940209267
INDONESIA_z0102682 INDONESIA INDONESIA 0.00404836750745491 0.412437496914583 0.106971151490881 0.0780126478541528 0.398530336232928
INDONESIA_z0117103 INDONESIA INDONESIA 0.0281666362002872 0.459986545767335 0.0333543218903475 0.104743631025973 0.373748865116057
INDONESIA_z0134074 INDONESIA INDONESIA 0.0576980508799019 0.484874743360425 0.00342170802903897 0.0379978378366739 0.41600765989396
INDONESIA_z0134111 INDONESIA INDONESIA 0.00886119595407496 0.438153969081803 0.0685141316586976 0.0890272408266353 0.395443462478789
MALAYSIA_z0016884 MALAYSIA INDONESIA 0.0445277206219517 0.485980694947453 0.00556675779411117 0.0445667312879374 0.419358095348547
PAPUA_NEW_GUINEA_z0006805 PAPUA_NEW_GUINEA INDONESIA 0.0616443273024834 0.48009825033363 0.00735114398929082 0.0626736856656691 0.388232592708927
PAPUA_NEW_GUINEA_z0026457 PAPUA_NEW_GUINEA INDONESIA 0.0540858017394337 0.462828905360492 0.0199511600124469 0.107831626656532 0.355302506231095
SOLOMON_ISLANDS_z0006800 SOLOMON_ISLANDS INDONESIA 0.0382709623539961 0.43956646657572 0.0433724472811696 0.145136147654783 0.333653976134332
SOLOMON_ISLANDS_z0012481 SOLOMON_ISLANDS INDONESIA 0.0697144112120544 0.45964455469781 0.0164992082416848 0.109853612188897 0.344288213659554
SOLOMON_ISLANDS_z0012490 SOLOMON_ISLANDS SOLOMON_ISLANDS 0.00274599717594156 0.443053111901064 0.0273547826864814 0.0275445102364629 0.49930159800005
SOLOMON_ISLANDS_z0012491 SOLOMON_ISLANDS INDONESIA 0.0431442698251837 0.486068966451344 0.00566120900740674 0.0442846696551582 0.420840885060907
SOLOMON_ISLANDS_z0012499 SOLOMON_ISLANDS INDONESIA 0.0718648957455555 0.478498885571446 0.00604978810947072 0.0603680879403408 0.383218342633187
SOLOMON_ISLANDS_z0012504 SOLOMON_ISLANDS INDONESIA 0.0623594345838913 0.474922626122284 0.0104044633174903 0.0779747821375517 0.374338693838783
SOLOMON_ISLANDS_z0012515 SOLOMON_ISLANDS SOLOMON_ISLANDS 0.00784916466415498 0.447217742834966 0.000999807683175503 0.0063940209350116 0.537539263882692
SOLOMON_ISLANDS_z0012517 SOLOMON_ISLANDS INDONESIA 0.0142435090141688 0.466742978682691 0.0297702142224232 0.0682498164583296 0.420993481622388
SOLOMON_ISLANDS_z0061468 SOLOMON_ISLANDS INDONESIA 0.016865714753596 0.41919946821595 0.0835883123961962 0.141581370049185 0.338765134585073
SOLOMON_ISLANDS_z0216927 SOLOMON_ISLANDS SOLOMON_ISLANDS 0.0169664172032873 0.471321895975855 0.00176691625645043 0.0134411364586985 0.496503634105709
